config	inst	time	count	best	spr	hv	gd	
nsga150k2x	I0	650500	80	0.0097	0.3739	0.4592	0.0023	
nsga150k2x	I0	627004	80	0.0219	0.4095	0.4578	0.0036	
nsga150k2x	I0	617980	80	0.0389	0.4555	0.4607	0.0042	
nsga150k2x	I0	619652	80	0.0243	0.4464	0.4597	0.0021	
nsga150k2x	I0	617435	80	0.0170	0.5060	0.4581	0.0034	
nsga150k2x	I0	619548	80	0.0243	0.5506	0.4623	0.0039	
nsga150k2x	I0	618409	80	0.0122	0.4034	0.4562	0.0030	
nsga150k2x	I0	619757	80	0.0243	0.4442	0.4626	0.0024	
nsga150k2x	I0	617767	80	0.0097	0.5013	0.4561	0.0052	
nsga150k2x	I0	617032	80	0.0146	0.4076	0.4575	0.0032	
nsga150k2x	I0	620988	80	0.0243	0.4296	0.4616	0.0023	
nsga150k2x	I0	616400	80	0.0122	0.4266	0.4546	0.0036	
nsga150k2x	I0	618142	80	0.0170	0.4335	0.4578	0.0033	
nsga150k2x	I0	617840	80	0.0049	0.5249	0.4539	0.0067	
nsga150k2x	I0	618230	80	0.0414	0.3988	0.4615	0.0027	
nsga150k2x	I0	618219	80	0.0292	0.3931	0.4616	0.0023	
nsga150k2x	I0	619944	80	0.0316	0.4303	0.4615	0.0023	
nsga150k2x	I0	619075	80	0.0268	0.4586	0.4629	0.0024	
nsga150k2x	I0	618435	80	0.0024	0.4590	0.4563	0.0035	
nsga150k2x	I0	616867	80	0.0195	0.4362	0.4600	0.0036	
nsga150k2x	I0	617466	80	0.0097	0.4094	0.4578	0.0029	
nsga150k2x	I0	617155	79	0.0122	0.4591	0.4605	0.0026	
nsga150k2x	I0	619987	80	0.0170	0.4617	0.4575	0.0046	
nsga150k2x	I0	615274	80	0.0268	0.4128	0.4638	0.0023	
nsga150k2x	I0	618901	80	0.0170	0.4576	0.4588	0.0032	
nsga150k2x	I0	617951	80	0.0195	0.4627	0.4600	0.0046	
nsga150k2x	I0	616720	80	0.0389	0.4066	0.4644	0.0023	
nsga150k2x	I0	615871	80	0.0097	0.4403	0.4561	0.0039	
nsga150k2x	I0	618513	80	0.0146	0.4368	0.4599	0.0030	
nsga150k2x	I0	618325	80	0.0243	0.5142	0.4607	0.0030	
nsga150k2x	I0	618054	80	0.0243	0.4668	0.4603	0.0033	
nsga150k2x	I0	616703	80	0.0195	0.4694	0.4608	0.0037	
nsga150k2x	I0	616704	80	0.0243	0.4339	0.4617	0.0021	
nsga150k2x	I0	619656	80	0.0170	0.5623	0.4605	0.0056	
nsga150k2x	I0	617500	80	0.0389	0.4217	0.4635	0.0022	
nsga150k2x	I0	616618	80	0.0268	0.4614	0.4609	0.0025	
nsga150k2x	I0	616024	80	0.0122	0.4271	0.4555	0.0039	
nsga150k2x	I0	614552	80	0.0268	0.6034	0.4625	0.0047	
nsga150k2x	I0	615687	80	0.0073	0.5229	0.4563	0.0027	
nsga150k2x	I0	618402	79	0.0195	0.4567	0.4582	0.0028	
nsga150k2x	I0	619032	80	0.0268	0.5130	0.4599	0.0040	
nsga150k2x	I0	618968	80	0.0243	0.5456	0.4627	0.0052	
nsga150k2x	I0	620203	80	0.0170	0.4314	0.4615	0.0026	
nsga150k2x	I0	617268	80	0.0292	0.5089	0.4621	0.0025	
nsga150k2x	I0	618879	80	0.0219	0.4718	0.4596	0.0032	
nsga150k2x	I0	618109	80	0.0122	0.3930	0.4607	0.0028	
nsga150k2x	I0	616917	80	0.0219	0.4739	0.4585	0.0046	
nsga150k2x	I0	617454	80	0.0097	0.4203	0.4594	0.0025	
nsga150k2x	I0	617470	80	0.0170	0.5077	0.4582	0.0040	
nsga150k2x	I0	617651	80	0.0073	0.4355	0.4553	0.0030	
nsga150k2x	I1	3502684	168	0.0149	0.5650	0.5080	0.0017	
nsga150k2x	I1	3494039	168	0.0186	0.6767	0.4990	0.0025	
nsga150k2x	I1	3488137	163	0.0112	0.5869	0.5046	0.0022	
nsga150k2x	I1	3500689	148	0.0112	0.6489	0.5081	0.0020	
nsga150k2x	I1	3503619	146	0.0149	0.6626	0.4993	0.0024	
nsga150k2x	I1	3493227	160	0.0409	0.6242	0.5060	0.0019	
nsga150k2x	I1	3499735	138	0.0335	0.6863	0.5140	0.0020	
nsga150k2x	I1	3494030	167	0.0037	0.5437	0.5036	0.0022	
nsga150k2x	I1	3483744	161	0.0297	0.5961	0.5064	0.0022	
nsga150k2x	I1	3495313	155	0.0409	0.5966	0.5143	0.0018	
nsga150k2x	I1	3490112	167	0.0037	0.5313	0.5038	0.0021	
nsga150k2x	I1	3487779	165	0.0149	0.6186	0.5064	0.0020	
nsga150k2x	I1	3607917	163	0.0186	0.6065	0.5085	0.0019	
nsga150k2x	I1	3642741	148	0.0186	0.5711	0.5088	0.0019	
nsga150k2x	I1	3630220	138	0.0372	0.5832	0.5138	0.0018	
nsga150k2x	I1	3650715	163	0.0112	0.6770	0.5070	0.0021	
nsga150k2x	I1	3645041	168	0.0186	0.5844	0.5078	0.0020	
nsga150k2x	I1	3635288	168	0.0223	0.6389	0.5055	0.0019	
nsga150k2x	I1	3629860	146	0.0223	0.5686	0.5036	0.0025	
nsga150k2x	I1	3636461	163	0.0112	0.6526	0.5026	0.0024	
nsga150k2x	I1	3631097	156	0.0112	0.7038	0.5053	0.0026	
nsga150k2x	I1	2418287	155	0.0149	0.6427	0.5079	0.0020	
nsga150k2x	I1	2337163	144	0.0409	0.6201	0.5132	0.0017	
nsga150k2x	I1	2323514	163	0.0112	0.6342	0.5098	0.0019	
nsga150k2x	I1	2326231	138	0.0149	0.6148	0.5103	0.0021	
nsga150k2x	I1	2327111	161	0.0074	0.6409	0.5021	0.0021	
nsga150k2x	I1	2330065	164	0.0260	0.6887	0.5063	0.0021	
nsga150k2x	I1	2327272	162	0.0372	0.6250	0.5121	0.0018	
nsga150k2x	I1	2327125	149	0.0297	0.6055	0.5092	0.0019	
nsga150k2x	I1	2331447	168	0.0335	0.6520	0.5088	0.0019	
nsga150k2x	I1	2338247	167	0.0483	0.6897	0.5109	0.0019	
nsga150k2x	I1	2337911	160	0.0223	0.6654	0.5082	0.0021	
nsga150k2x	I1	2326365	166	0.0186	0.6093	0.5042	0.0022	
nsga150k2x	I1	2331943	162	0.0149	0.5729	0.5082	0.0021	
nsga150k2x	I1	2338457	159	0.0149	0.6589	0.5052	0.0022	
nsga150k2x	I1	2324590	156	0.0223	0.6236	0.5061	0.0021	
nsga150k2x	I1	2326938	164	0.0260	0.6215	0.5060	0.0020	
nsga150k2x	I1	2330610	153	0.0186	0.6756	0.5073	0.0021	
nsga150k2x	I1	2331092	168	0.0112	0.6109	0.5069	0.0020	
nsga150k2x	I1	2329479	162	0.0186	0.6280	0.5070	0.0019	
nsga150k2x	I1	2334181	168	0.0149	0.5845	0.5082	0.0019	
nsga150k2x	I1	2335409	156	0.0112	0.6337	0.5077	0.0020	
nsga150k2x	I1	2329881	159	0.0037	0.6391	0.5075	0.0018	
nsga150k2x	I1	2336441	165	0.0223	0.6123	0.5078	0.0020	
nsga150k2x	I1	2319312	164	0.0112	0.5987	0.5022	0.0021	
nsga150k2x	I1	2328629	165	0.0186	0.5720	0.5103	0.0019	
nsga150k2x	I1	2334593	168	0.0149	0.6306	0.5058	0.0020	
nsga150k2x	I1	2323551	155	0.0260	0.6438	0.5044	0.0023	
nsga150k2x	I1	2331567	167	0.0149	0.5984	0.5070	0.0020	
nsga150k2x	I1	2326047	164	0.0223	0.6178	0.5084	0.0019	
nsga150k2x	I2	4264363	109	0.0128	0.6293	0.4943	0.0040	
nsga150k2x	I2	4236152	91	0.0256	0.7218	0.4933	0.0051	
nsga150k2x	I2	4230046	102	0.0256	0.7205	0.4919	0.0055	
nsga150k2x	I2	4241271	103	0.0128	0.6791	0.4941	0.0044	
nsga150k2x	I2	4236035	101	0.0064	0.6921	0.4941	0.0045	
nsga150k2x	I2	4232312	98	0.0128	0.7322	0.4933	0.0053	
nsga150k2x	I2	4225361	98	0.0256	0.6643	0.4976	0.0041	
nsga150k2x	I2	4266111	104	0.0192	0.6327	0.4932	0.0046	
nsga150k2x	I2	4269992	94	0.0128	0.6274	0.4960	0.0041	
nsga150k2x	I2	4280458	101	0.0128	0.6553	0.4870	0.0054	
nsga150k2x	I2	4274155	110	0.0321	0.7134	0.4954	0.0046	
nsga150k2x	I2	4269280	103	0.0256	0.7038	0.4968	0.0041	
nsga150k2x	I2	4268393	106	0.0192	0.7031	0.4918	0.0053	
nsga150k2x	I2	4280495	99	0.0192	0.6654	0.4935	0.0048	
nsga150k2x	I2	4268552	98	0.0128	0.7280	0.4942	0.0062	
nsga150k2x	I2	4279969	94	0.0128	0.6400	0.4951	0.0040	
nsga150k2x	I2	4270763	103	0.0321	0.7689	0.5038	0.0041	
nsga150k2x	I2	4152353	112	0.0321	0.7285	0.4952	0.0047	
nsga150k2x	I2	4106196	109	0.0321	0.6912	0.4960	0.0040	
nsga150k2x	I2	4097724	104	0.0064	0.7197	0.4888	0.0059	
nsga150k2x	I2	4100455	118	0.0256	0.6714	0.4987	0.0040	
nsga150k2x	I2	4098748	103	0.0064	0.6917	0.4929	0.0046	
nsga150k2x	I2	4094702	96	0.0449	0.6795	0.4999	0.0054	
nsga150k2x	I2	4090469	108	0.0192	0.6300	0.4966	0.0040	
nsga150k2x	I2	4103495	114	0.0064	0.6342	0.4844	0.0047	
nsga150k2x	I2	2927440	90	0.0128	0.6575	0.4995	0.0041	
nsga150k2x	I2	2736683	96	0.0192	0.6988	0.4975	0.0044	
nsga150k2x	I2	2738136	107	0.0192	0.7263	0.4932	0.0044	
nsga150k2x	I2	2737110	97	0.0513	0.6315	0.5030	0.0050	
nsga150k2x	I2	2729898	91	0.0385	0.6059	0.5001	0.0048	
nsga150k2x	I2	2729560	99	0.0000	0.7028	0.4929	0.0046	
nsga150k2x	I2	2740118	98	0.0513	0.6582	0.4989	0.0040	
nsga150k2x	I2	2738721	88	0.0385	0.6336	0.4973	0.0045	
nsga150k2x	I2	2729330	98	0.0256	0.6502	0.4947	0.0043	
nsga150k2x	I2	2731596	106	0.0000	0.6230	0.4888	0.0045	
nsga150k2x	I2	2737142	117	0.0000	0.7437	0.4891	0.0056	
nsga150k2x	I2	2732169	94	0.0385	0.6439	0.5015	0.0041	
nsga150k2x	I2	2736503	99	0.0128	0.6437	0.4929	0.0048	
nsga150k2x	I2	2734607	103	0.0128	0.6638	0.4856	0.0047	
nsga150k2x	I2	2735679	114	0.0128	0.6664	0.4805	0.0048	
nsga150k2x	I2	2729600	100	0.0192	0.6281	0.4937	0.0048	
nsga150k2x	I2	2733612	99	0.0064	0.5985	0.4915	0.0045	
nsga150k2x	I2	2738090	101	0.0000	0.6616	0.4902	0.0044	
nsga150k2x	I2	2735528	93	0.0321	0.6737	0.4999	0.0040	
nsga150k2x	I2	2736008	103	0.0192	0.6392	0.4992	0.0043	
nsga150k2x	I2	2735115	104	0.0192	0.7090	0.4963	0.0050	
nsga150k2x	I2	2733676	100	0.0256	0.5600	0.4933	0.0039	
nsga150k2x	I2	2738758	108	0.0128	0.6637	0.4950	0.0040	
nsga150k2x	I2	2737396	96	0.0192	0.6037	0.4942	0.0042	
nsga150k2x	I2	2619386	115	0.0192	0.6945	0.4911	0.0043	
nsga150k2x	I3	2014760	143	0.0124	0.5862	0.4046	0.0039	
nsga150k2x	I3	2018386	144	0.0062	0.6495	0.4013	0.0060	
nsga150k2x	I3	2010212	144	0.0217	0.5469	0.4038	0.0038	
nsga150k2x	I3	2015989	144	0.0248	0.5992	0.4034	0.0033	
nsga150k2x	I3	2010396	143	0.0279	0.7791	0.4055	0.0098	
nsga150k2x	I3	2044504	144	0.0000	0.5743	0.3993	0.0038	
nsga150k2x	I3	2241054	143	0.0031	0.6273	0.4008	0.0043	
nsga150k2x	I3	2035317	144	0.0062	0.6416	0.3931	0.0068	
nsga150k2x	I3	2017359	144	0.0248	0.5798	0.4039	0.0029	
nsga150k2x	I3	2015170	144	0.0279	0.6185	0.4084	0.0038	
nsga150k2x	I3	2016078	144	0.0062	0.5740	0.3985	0.0038	
nsga150k2x	I3	2018419	143	0.0217	0.5952	0.4007	0.0040	
nsga150k2x	I3	2017808	144	0.0402	0.5690	0.4122	0.0034	
nsga150k2x	I3	2011509	143	0.0248	0.6102	0.4192	0.0040	
nsga150k2x	I3	2018828	144	0.0217	0.5879	0.3990	0.0030	
nsga150k2x	I3	2031589	144	0.0248	0.5761	0.4067	0.0028	
nsga150k2x	I3	2013152	144	0.0186	0.5615	0.3938	0.0034	
nsga150k2x	I3	2016663	144	0.0155	0.5457	0.4088	0.0034	
nsga150k2x	I3	2023156	144	0.0155	0.5648	0.4008	0.0032	
nsga150k2x	I3	2016395	144	0.0124	0.6596	0.3980	0.0039	
nsga150k2x	I3	2004007	144	0.0093	0.6171	0.3991	0.0050	
nsga150k2x	I3	2016888	143	0.0279	0.6406	0.4037	0.0039	
nsga150k2x	I3	2013643	142	0.0093	0.6800	0.4041	0.0041	
nsga150k2x	I3	2007301	143	0.0248	0.5832	0.3996	0.0031	
nsga150k2x	I3	2021555	144	0.0372	0.5990	0.4095	0.0028	
nsga150k2x	I3	2008372	144	0.0310	0.7113	0.4090	0.0047	
nsga150k2x	I3	2011756	144	0.0186	0.6061	0.4072	0.0033	
nsga150k2x	I3	2020781	144	0.0186	0.5405	0.4003	0.0037	
nsga150k2x	I3	2017291	144	0.0341	0.5863	0.4036	0.0031	
nsga150k2x	I3	2016076	143	0.0124	0.6336	0.4050	0.0036	
nsga150k2x	I3	2010740	141	0.0310	0.6557	0.4048	0.0049	
nsga150k2x	I3	2022031	144	0.0217	0.6322	0.4019	0.0038	
nsga150k2x	I3	2012069	144	0.0279	0.5577	0.4090	0.0034	
nsga150k2x	I3	2022940	144	0.0124	0.5994	0.4028	0.0035	
nsga150k2x	I3	2008411	144	0.0186	0.7712	0.3982	0.0105	
nsga150k2x	I3	2014211	144	0.0248	0.6125	0.4040	0.0030	
nsga150k2x	I3	2013904	144	0.0186	0.6247	0.4017	0.0035	
nsga150k2x	I3	2020527	144	0.0248	0.6640	0.4069	0.0040	
nsga150k2x	I3	2009721	144	0.0155	0.6250	0.4061	0.0039	
nsga150k2x	I3	2019080	139	0.0186	0.6680	0.4010	0.0056	
nsga150k2x	I3	2012435	143	0.0217	0.9136	0.3983	0.0168	
nsga150k2x	I3	2008998	144	0.0279	0.6126	0.3918	0.0043	
nsga150k2x	I3	2008158	143	0.0341	0.5777	0.4077	0.0033	
nsga150k2x	I3	2008013	144	0.0124	0.6317	0.4000	0.0055	
nsga150k2x	I3	2014722	140	0.0093	0.5883	0.4039	0.0045	
nsga150k2x	I3	2012434	143	0.0186	0.6044	0.4061	0.0041	
nsga150k2x	I3	2004527	144	0.0186	0.6820	0.4018	0.0045	
nsga150k2x	I3	2028284	144	0.0155	0.7092	0.4056	0.0050	
nsga150k2x	I3	2014365	144	0.0310	0.8539	0.4034	0.0119	
nsga150k2x	I3	2019922	142	0.0186	0.6699	0.4058	0.0040	
nsga150k2x	I4	1508801	120	0.0130	0.4194	0.4913	0.0021	
nsga150k2x	I4	1463516	120	0.0130	0.4286	0.4906	0.0021	
nsga150k2x	I4	1469780	120	0.0078	0.4090	0.4945	0.0019	
nsga150k2x	I4	1473404	120	0.0156	0.4239	0.4952	0.0022	
nsga150k2x	I4	1469388	120	0.0156	0.4451	0.4974	0.0015	
nsga150k2x	I4	1476975	120	0.0286	0.4621	0.4963	0.0020	
nsga150k2x	I4	1472150	120	0.0234	0.4305	0.4965	0.0018	
nsga150k2x	I4	1468868	120	0.0156	0.4603	0.4967	0.0015	
nsga150k2x	I4	1472463	119	0.0417	0.4522	0.4998	0.0012	
nsga150k2x	I4	1471123	120	0.0182	0.5140	0.4961	0.0020	
nsga150k2x	I4	1470999	120	0.0156	0.4737	0.4966	0.0018	
nsga150k2x	I4	1470527	120	0.0182	0.4081	0.4931	0.0021	
nsga150k2x	I4	1468649	120	0.0182	0.4401	0.4969	0.0021	
nsga150k2x	I4	1462285	120	0.0234	0.4772	0.4968	0.0029	
nsga150k2x	I4	1460935	120	0.0130	0.3839	0.4924	0.0019	
nsga150k2x	I4	1466871	120	0.0286	0.4492	0.4993	0.0013	
nsga150k2x	I4	1467100	120	0.0234	0.4301	0.4976	0.0018	
nsga150k2x	I4	1467532	120	0.0339	0.4491	0.4988	0.0015	
nsga150k2x	I4	1467100	120	0.0312	0.4336	0.4976	0.0016	
nsga150k2x	I4	1471981	119	0.0234	0.4828	0.4994	0.0014	
nsga150k2x	I4	1462394	120	0.0104	0.5018	0.4922	0.0022	
nsga150k2x	I4	1473991	120	0.0156	0.3889	0.4970	0.0017	
nsga150k2x	I4	1477259	120	0.0130	0.4464	0.4945	0.0018	
nsga150k2x	I4	1478887	120	0.0234	0.4115	0.4947	0.0021	
nsga150k2x	I4	1483110	120	0.0156	0.4731	0.4911	0.0025	
nsga150k2x	I4	1474499	120	0.0104	0.4666	0.4959	0.0015	
nsga150k2x	I4	1474998	120	0.0052	0.4199	0.4953	0.0018	
nsga150k2x	I4	1484994	120	0.0286	0.4061	0.4958	0.0018	
nsga150k2x	I4	1480082	120	0.0156	0.4922	0.4968	0.0016	
nsga150k2x	I4	1475143	120	0.0339	0.5029	0.4977	0.0024	
nsga150k2x	I4	1475338	120	0.0469	0.4759	0.5010	0.0015	
nsga150k2x	I4	1480617	120	0.0208	0.4414	0.4978	0.0016	
nsga150k2x	I4	1477904	120	0.0208	0.4316	0.4955	0.0016	
nsga150k2x	I4	1475320	120	0.0208	0.3814	0.4972	0.0014	
nsga150k2x	I4	1479292	120	0.0208	0.5212	0.4984	0.0018	
nsga150k2x	I4	1477563	120	0.0104	0.4760	0.4961	0.0016	
nsga150k2x	I4	1477157	120	0.0312	0.4812	0.4979	0.0016	
nsga150k2x	I4	1478769	120	0.0260	0.4245	0.4987	0.0014	
nsga150k2x	I4	1479859	120	0.0234	0.4482	0.4920	0.0023	
nsga150k2x	I4	1475048	120	0.0052	0.4155	0.4932	0.0019	
nsga150k2x	I4	1474881	120	0.0104	0.4305	0.4965	0.0017	
nsga150k2x	I4	1470646	120	0.0156	0.4196	0.4951	0.0015	
nsga150k2x	I4	1475046	120	0.0078	0.4570	0.4941	0.0018	
nsga150k2x	I4	1480827	120	0.0052	0.4210	0.4905	0.0024	
nsga150k2x	I4	1479441	120	0.0104	0.4510	0.4908	0.0022	
nsga150k2x	I4	1475976	120	0.0156	0.4661	0.4938	0.0021	
nsga150k2x	I4	1474970	120	0.0312	0.3945	0.4962	0.0015	
nsga150k2x	I4	1476110	120	0.0104	0.3785	0.4970	0.0018	
nsga150k2x	I4	1483442	120	0.0208	0.4878	0.4946	0.0021	
nsga150k2x	I4	1478870	120	0.0521	0.3952	0.5000	0.0013	
nsga150k2x	I5	642038	88	0.0274	0.4091	0.5183	0.0013	
nsga150k2x	I5	641152	88	0.0603	0.4487	0.5204	0.0012	
nsga150k2x	I5	634670	88	0.0274	0.3795	0.5110	0.0021	
nsga150k2x	I5	640476	88	0.0247	0.4778	0.5165	0.0016	
nsga150k2x	I5	640865	88	0.0192	0.4460	0.5151	0.0019	
nsga150k2x	I5	643274	88	0.0219	0.4706	0.5125	0.0020	
nsga150k2x	I5	643356	88	0.0164	0.5036	0.5132	0.0020	
nsga150k2x	I5	639130	88	0.0164	0.3765	0.5127	0.0022	
nsga150k2x	I5	640709	88	0.0274	0.4169	0.5165	0.0017	
nsga150k2x	I5	640390	88	0.0027	0.4147	0.5121	0.0019	
nsga150k2x	I5	641725	88	0.0110	0.4258	0.5120	0.0022	
nsga150k2x	I5	643994	88	0.0164	0.4862	0.5127	0.0021	
nsga150k2x	I5	640935	88	0.0384	0.4633	0.5175	0.0014	
nsga150k2x	I5	637982	88	0.0247	0.3785	0.5167	0.0016	
nsga150k2x	I5	638697	88	0.0247	0.4247	0.5169	0.0017	
nsga150k2x	I5	642299	88	0.0082	0.4890	0.5141	0.0018	
nsga150k2x	I5	642282	88	0.0082	0.3995	0.5113	0.0020	
nsga150k2x	I5	641564	88	0.0027	0.3736	0.5115	0.0025	
nsga150k2x	I5	642764	88	0.0164	0.4169	0.5125	0.0024	
nsga150k2x	I5	639238	88	0.0438	0.4358	0.5195	0.0013	
nsga150k2x	I5	640791	88	0.0192	0.4261	0.5100	0.0024	
nsga150k2x	I5	639386	88	0.0247	0.3882	0.5165	0.0017	
nsga150k2x	I5	642409	88	0.0356	0.4319	0.5165	0.0019	
nsga150k2x	I5	641760	88	0.0027	0.4168	0.5088	0.0025	
nsga150k2x	I5	640183	88	0.0301	0.4073	0.5166	0.0018	
nsga150k2x	I5	641697	88	0.0164	0.4659	0.5168	0.0017	
nsga150k2x	I5	641645	88	0.0055	0.4459	0.5097	0.0025	
nsga150k2x	I5	644863	88	0.0247	0.4659	0.5117	0.0021	
nsga150k2x	I5	640292	88	0.0219	0.4523	0.5139	0.0018	
nsga150k2x	I5	643828	88	0.0137	0.4756	0.5117	0.0021	
nsga150k2x	I5	642335	88	0.0110	0.4223	0.5086	0.0025	
nsga150k2x	I5	643236	88	0.0274	0.4370	0.5157	0.0021	
nsga150k2x	I5	640271	88	0.0219	0.4088	0.5151	0.0018	
nsga150k2x	I5	640604	88	0.0301	0.4326	0.5155	0.0021	
nsga150k2x	I5	641299	88	0.0164	0.4383	0.5153	0.0017	
nsga150k2x	I5	641409	88	0.0192	0.4011	0.5148	0.0020	
nsga150k2x	I5	642508	88	0.0110	0.4492	0.5144	0.0019	
nsga150k2x	I5	641973	88	0.0301	0.4156	0.5150	0.0021	
nsga150k2x	I5	640629	88	0.0164	0.4241	0.5141	0.0020	
nsga150k2x	I5	643533	88	0.0274	0.4198	0.5150	0.0019	
nsga150k2x	I5	642294	88	0.0055	0.3942	0.5081	0.0027	
nsga150k2x	I5	643080	88	0.0274	0.4925	0.5122	0.0030	
nsga150k2x	I5	643544	88	0.0082	0.3946	0.5101	0.0026	
nsga150k2x	I5	640878	88	0.0027	0.3953	0.5138	0.0019	
nsga150k2x	I5	642140	88	0.0164	0.4253	0.5156	0.0018	
nsga150k2x	I5	642634	88	0.0164	0.4691	0.5137	0.0021	
nsga150k2x	I5	643734	88	0.0219	0.4388	0.5130	0.0024	
nsga150k2x	I5	642114	88	0.0110	0.4574	0.5149	0.0017	
nsga150k2x	I5	637368	88	0.0219	0.3752	0.5134	0.0022	
nsga150k2x	I5	639653	88	0.0247	0.3990	0.5155	0.0019	
nsga150k4x	I0	656355	137	0.0051	0.6016	0.5073	0.0035	
nsga150k4x	I0	630392	128	0.0152	0.5893	0.5136	0.0030	
nsga150k4x	I0	627454	124	0.0253	0.6679	0.5169	0.0036	
nsga150k4x	I0	629686	124	0.0101	0.6687	0.5120	0.0034	
nsga150k4x	I0	625908	111	0.0253	0.6311	0.5198	0.0030	
nsga150k4x	I0	627467	119	0.0354	0.6588	0.5214	0.0029	
nsga150k4x	I0	630943	113	0.0152	0.6851	0.5110	0.0051	
nsga150k4x	I0	629424	125	0.0253	0.6293	0.5172	0.0036	
nsga150k4x	I0	628364	118	0.0354	0.5797	0.5169	0.0035	
nsga150k4x	I0	628665	120	0.0253	0.5598	0.5159	0.0030	
nsga150k4x	I0	629344	110	0.0202	0.6874	0.5179	0.0029	
nsga150k4x	I0	627008	119	0.0101	0.5722	0.5114	0.0034	
nsga150k4x	I0	630706	117	0.0101	0.6509	0.5131	0.0028	
nsga150k4x	I0	626535	115	0.0152	0.5843	0.5226	0.0029	
nsga150k4x	I0	626524	118	0.0303	0.6262	0.5193	0.0028	
nsga150k4x	I0	628736	113	0.0202	0.6963	0.5118	0.0039	
nsga150k4x	I0	627746	108	0.0354	0.6234	0.5176	0.0032	
nsga150k4x	I0	626885	117	0.0101	0.6438	0.5126	0.0038	
nsga150k4x	I0	627270	120	0.0000	0.6387	0.5097	0.0037	
nsga150k4x	I0	629346	122	0.0202	0.6793	0.5078	0.0042	
nsga150k4x	I0	627949	120	0.0152	0.6102	0.5103	0.0035	
nsga150k4x	I0	629496	127	0.0152	0.6646	0.5099	0.0038	
nsga150k4x	I0	626701	110	0.0303	0.6783	0.5198	0.0029	
nsga150k4x	I0	627667	102	0.0101	0.6075	0.5209	0.0032	
nsga150k4x	I0	628548	108	0.0253	0.5717	0.5171	0.0033	
nsga150k4x	I0	628598	123	0.0152	0.6167	0.5199	0.0027	
nsga150k4x	I0	626404	118	0.0152	0.6294	0.5172	0.0033	
nsga150k4x	I0	625532	101	0.0202	0.7743	0.5137	0.0072	
nsga150k4x	I0	628080	105	0.0051	0.6366	0.5081	0.0043	
nsga150k4x	I0	628827	135	0.0202	0.6313	0.5133	0.0033	
nsga150k4x	I0	629026	115	0.0303	0.6022	0.5114	0.0033	
nsga150k4x	I0	627309	103	0.0152	0.5978	0.5165	0.0029	
nsga150k4x	I0	629923	130	0.0303	0.6731	0.5106	0.0034	
nsga150k4x	I0	626259	113	0.0303	0.6322	0.5221	0.0029	
nsga150k4x	I0	627311	119	0.0354	0.6366	0.5191	0.0032	
nsga150k4x	I0	626187	100	0.0202	0.6045	0.5158	0.0033	
nsga150k4x	I0	627223	117	0.0253	0.6347	0.5140	0.0031	
nsga150k4x	I0	627682	125	0.0051	0.7135	0.5149	0.0031	
nsga150k4x	I0	627043	111	0.0051	0.6524	0.5144	0.0033	
nsga150k4x	I0	629460	109	0.0152	0.6082	0.5163	0.0035	
nsga150k4x	I0	627369	115	0.0051	0.6103	0.5143	0.0032	
nsga150k4x	I0	629720	120	0.0303	0.5932	0.5105	0.0031	
nsga150k4x	I0	629091	118	0.0051	0.6788	0.5088	0.0040	
nsga150k4x	I0	627308	123	0.0051	0.6286	0.5172	0.0034	
nsga150k4x	I0	628356	114	0.0303	0.6974	0.5209	0.0033	
nsga150k4x	I0	626703	115	0.0253	0.6228	0.5185	0.0029	
nsga150k4x	I0	630221	105	0.0707	0.6714	0.5204	0.0042	
nsga150k4x	I0	628370	118	0.0202	0.6672	0.5210	0.0025	
nsga150k4x	I0	629019	117	0.0202	0.6665	0.5227	0.0032	
nsga150k4x	I0	626133	129	0.0152	0.6729	0.5178	0.0028	
nsga150k4x	I1	3623558	154	0.0152	0.6249	0.5115	0.0023	
nsga150k4x	I1	3606755	131	0.0505	0.5691	0.5096	0.0025	
nsga150k4x	I1	3607364	131	0.0202	0.6156	0.5095	0.0025	
nsga150k4x	I1	3615309	138	0.0202	0.6423	0.5032	0.0024	
nsga150k4x	I1	3611777	149	0.0152	0.6060	0.5061	0.0024	
nsga150k4x	I1	3627930	150	0.0152	0.6843	0.5043	0.0025	
nsga150k4x	I1	3620428	129	0.0404	0.5645	0.5134	0.0023	
nsga150k4x	I1	3616826	142	0.0152	0.5656	0.5056	0.0026	
nsga150k4x	I1	3606718	127	0.0303	0.6844	0.5099	0.0024	
nsga150k4x	I1	3619640	133	0.0202	0.6268	0.5062	0.0027	
nsga150k4x	I1	3624982	126	0.0152	0.6306	0.5091	0.0025	
nsga150k4x	I1	3632278	155	0.0000	0.6144	0.4982	0.0026	
nsga150k4x	I1	3652445	125	0.0101	0.6457	0.5115	0.0024	
nsga150k4x	I1	3650121	118	0.0253	0.6131	0.5071	0.0025	
nsga150k4x	I1	3645818	135	0.0202	0.6727	0.5150	0.0025	
nsga150k4x	I1	3670260	142	0.0303	0.6289	0.5056	0.0027	
nsga150k4x	I1	3674120	133	0.0152	0.5994	0.5082	0.0024	
nsga150k4x	I1	3667066	135	0.0404	0.5903	0.5107	0.0022	
nsga150k4x	I1	3660066	152	0.0051	0.6060	0.5051	0.0026	
nsga150k4x	I1	3680047	152	0.0152	0.6428	0.5057	0.0024	
nsga150k4x	I1	3662218	139	0.0152	0.6101	0.5050	0.0025	
nsga150k4x	I1	2958950	139	0.0253	0.6375	0.5093	0.0025	
nsga150k4x	I1	2809879	139	0.0202	0.6031	0.5105	0.0022	
nsga150k4x	I1	2790528	153	0.0152	0.6222	0.5037	0.0023	
nsga150k4x	I1	2789634	146	0.0152	0.5636	0.5033	0.0025	
nsga150k4x	I1	2790481	128	0.0354	0.6611	0.5099	0.0025	
nsga150k4x	I1	2789246	142	0.0253	0.6331	0.5062	0.0025	
nsga150k4x	I1	2802998	137	0.0303	0.6742	0.5082	0.0024	
nsga150k4x	I1	2796328	146	0.0202	0.6156	0.5063	0.0024	
nsga150k4x	I1	2788484	143	0.0253	0.5884	0.5071	0.0024	
nsga150k4x	I1	2794202	139	0.0303	0.6879	0.5158	0.0020	
nsga150k4x	I1	2792168	127	0.0152	0.6606	0.5106	0.0026	
nsga150k4x	I1	2788248	127	0.0152	0.7093	0.5131	0.0023	
nsga150k4x	I1	2795883	145	0.0000	0.6173	0.5068	0.0022	
nsga150k4x	I1	2786607	135	0.0202	0.5596	0.5080	0.0023	
nsga150k4x	I1	2795698	131	0.0202	0.5926	0.5105	0.0020	
nsga150k4x	I1	2803470	136	0.0101	0.5950	0.5112	0.0022	
nsga150k4x	I1	2785306	147	0.0152	0.6054	0.5005	0.0025	
nsga150k4x	I1	2787489	144	0.0202	0.6839	0.5079	0.0026	
nsga150k4x	I1	2796823	151	0.0051	0.6868	0.5017	0.0028	
nsga150k4x	I1	2788586	155	0.0051	0.6164	0.4990	0.0028	
nsga150k4x	I1	2794791	135	0.0253	0.6054	0.5091	0.0024	
nsga150k4x	I1	2790367	129	0.0152	0.5960	0.5119	0.0024	
nsga150k4x	I1	2795476	128	0.0354	0.6439	0.5120	0.0024	
nsga150k4x	I1	2788860	144	0.0202	0.6297	0.5089	0.0024	
nsga150k4x	I1	2793200	125	0.0101	0.6477	0.5069	0.0024	
nsga150k4x	I1	2788256	142	0.0152	0.6941	0.5020	0.0025	
nsga150k4x	I1	2782147	148	0.0101	0.6403	0.5010	0.0026	
nsga150k4x	I1	2922789	137	0.0354	0.5920	0.5145	0.0021	
nsga150k4x	I1	2841466	140	0.0303	0.5779	0.5067	0.0024	
nsga150k4x	I2	4275829	87	0.0174	0.6932	0.4828	0.0057	
nsga150k4x	I2	4216440	95	0.0261	0.6795	0.4859	0.0054	
nsga150k4x	I2	4199605	84	0.0087	0.6237	0.4858	0.0051	
nsga150k4x	I2	4210673	97	0.0174	0.7371	0.4829	0.0055	
nsga150k4x	I2	4207806	85	0.0174	0.7263	0.4789	0.0057	
nsga150k4x	I2	4213960	94	0.0174	0.6492	0.4869	0.0051	
nsga150k4x	I2	4206398	84	0.0435	0.6667	0.4919	0.0053	
nsga150k4x	I2	4260419	88	0.0087	0.5796	0.4939	0.0050	
nsga150k4x	I2	4305829	81	0.0087	0.6883	0.4876	0.0056	
nsga150k4x	I2	4316819	96	0.0087	0.6720	0.4822	0.0057	
nsga150k4x	I2	4310454	100	0.0000	0.7541	0.4783	0.0058	
nsga150k4x	I2	4312302	74	0.0174	0.6833	0.4965	0.0049	
nsga150k4x	I2	4304083	80	0.0348	0.6447	0.4999	0.0044	
nsga150k4x	I2	4314104	83	0.0000	0.6225	0.4853	0.0051	
nsga150k4x	I2	4309053	92	0.0261	0.7228	0.4944	0.0052	
nsga150k4x	I2	4300265	87	0.0348	0.5916	0.4912	0.0049	
nsga150k4x	I2	4303621	92	0.0435	0.6876	0.4870	0.0057	
nsga150k4x	I2	4214662	82	0.0261	0.6767	0.4897	0.0050	
nsga150k4x	I2	4095008	88	0.0000	0.5810	0.4854	0.0051	
nsga150k4x	I2	4100816	78	0.0174	0.6223	0.4863	0.0055	
nsga150k4x	I2	4105218	82	0.0261	0.6410	0.4974	0.0047	
nsga150k4x	I2	4099426	80	0.0522	0.6942	0.4956	0.0050	
nsga150k4x	I2	4105941	71	0.0174	0.5522	0.4926	0.0050	
nsga150k4x	I2	4107421	64	0.0087	0.6197	0.4889	0.0059	
nsga150k4x	I2	4111939	80	0.0087	0.6091	0.4852	0.0053	
nsga150k4x	I2	3881305	89	0.0087	0.6193	0.4856	0.0053	
nsga150k4x	I2	3283006	85	0.0435	0.6484	0.4921	0.0052	
nsga150k4x	I2	3287218	91	0.0174	0.6438	0.4846	0.0058	
nsga150k4x	I2	3283485	72	0.0348	0.7389	0.5018	0.0059	
nsga150k4x	I2	3285416	91	0.0174	0.6682	0.4821	0.0056	
nsga150k4x	I2	3288284	80	0.0174	0.7166	0.4862	0.0058	
nsga150k4x	I2	3285698	80	0.0174	0.7193	0.4935	0.0062	
nsga150k4x	I2	3287708	91	0.0174	0.6195	0.4895	0.0052	
nsga150k4x	I2	3287252	74	0.0261	0.5843	0.4943	0.0052	
nsga150k4x	I2	3284346	89	0.0261	0.7258	0.4980	0.0053	
nsga150k4x	I2	3280510	92	0.0435	0.7659	0.4883	0.0049	
nsga150k4x	I2	3282945	96	0.0000	0.6977	0.4725	0.0063	
nsga150k4x	I2	3285537	85	0.0087	0.6063	0.4825	0.0054	
nsga150k4x	I2	3280864	89	0.0174	0.6184	0.4897	0.0063	
nsga150k4x	I2	3284610	87	0.0348	0.6723	0.4868	0.0055	
nsga150k4x	I2	3284308	88	0.0261	0.6680	0.4822	0.0061	
nsga150k4x	I2	3286446	91	0.0174	0.6234	0.4885	0.0054	
nsga150k4x	I2	3286411	69	0.0348	0.5909	0.4926	0.0056	
nsga150k4x	I2	3294151	88	0.0000	0.7370	0.4841	0.0062	
nsga150k4x	I2	3290740	72	0.0261	0.6180	0.4934	0.0052	
nsga150k4x	I2	3285589	89	0.0000	0.7086	0.4871	0.0052	
nsga150k4x	I2	3281556	80	0.0348	0.6996	0.4956	0.0050	
nsga150k4x	I2	3286221	73	0.0174	0.6284	0.4881	0.0052	
nsga150k4x	I2	3278744	90	0.0087	0.7080	0.4887	0.0055	
nsga150k4x	I2	3417786	84	0.0174	0.6612	0.4822	0.0069	
nsga150k4x	I3	3149760	113	0.0233	0.5885	0.4530	0.0041	
nsga150k4x	I3	3075662	116	0.0233	0.5458	0.4487	0.0041	
nsga150k4x	I3	3058340	110	0.0326	0.6994	0.4563	0.0049	
nsga150k4x	I3	3068954	104	0.0419	0.6020	0.4593	0.0043	
nsga150k4x	I3	3082473	117	0.0465	0.6719	0.4604	0.0046	
nsga150k4x	I3	3056658	117	0.0186	0.6556	0.4501	0.0046	
nsga150k4x	I3	3094349	115	0.0279	0.6706	0.4552	0.0060	
nsga150k4x	I3	3064439	136	0.0047	0.6469	0.4379	0.0047	
nsga150k4x	I3	3056540	122	0.0233	0.6527	0.4526	0.0042	
nsga150k4x	I3	3069724	125	0.0186	0.6781	0.4521	0.0052	
nsga150k4x	I3	3061757	112	0.0512	0.8109	0.4547	0.0106	
nsga150k4x	I3	3073076	133	0.0326	0.6905	0.4440	0.0056	
nsga150k4x	I3	3069154	127	0.0093	0.6874	0.4529	0.0046	
nsga150k4x	I3	3072619	115	0.0093	0.6201	0.4558	0.0040	
nsga150k4x	I3	3074435	105	0.0186	0.6229	0.4572	0.0049	
nsga150k4x	I3	3077477	106	0.0419	0.6478	0.4628	0.0044	
nsga150k4x	I3	3075387	119	0.0279	0.5791	0.4494	0.0047	
nsga150k4x	I3	3078811	121	0.0093	0.6530	0.4575	0.0034	
nsga150k4x	I3	3073285	108	0.0093	0.6285	0.4538	0.0047	
nsga150k4x	I3	3075047	109	0.0326	0.6636	0.4596	0.0040	
nsga150k4x	I3	3076752	128	0.0093	0.7042	0.4406	0.0047	
nsga150k4x	I3	3073202	112	0.0140	0.6571	0.4592	0.0041	
nsga150k4x	I3	3080444	107	0.0140	0.6389	0.4491	0.0045	
nsga150k4x	I3	3085068	101	0.0279	0.6523	0.4657	0.0044	
nsga150k4x	I3	3377221	122	0.0279	0.6507	0.4524	0.0040	
nsga150k4x	I3	3433817	113	0.0140	0.6560	0.4506	0.0047	
nsga150k4x	I3	3064994	122	0.0140	0.7486	0.4448	0.0063	
nsga150k4x	I3	3069920	116	0.0233	0.6203	0.4537	0.0043	
nsga150k4x	I3	3068661	128	0.0186	0.5847	0.4470	0.0042	
nsga150k4x	I3	3077426	131	0.0093	0.6472	0.4374	0.0049	
nsga150k4x	I3	3078593	122	0.0047	0.6504	0.4557	0.0042	
nsga150k4x	I3	3083887	118	0.0093	0.6875	0.4494	0.0047	
nsga150k4x	I3	3064117	102	0.0140	0.5959	0.4535	0.0046	
nsga150k4x	I3	3073162	124	0.0093	0.6574	0.4545	0.0059	
nsga150k4x	I3	3076137	117	0.0000	0.7106	0.4409	0.0053	
nsga150k4x	I3	3079552	124	0.0047	0.6660	0.4446	0.0048	
nsga150k4x	I3	3061885	111	0.0186	0.7471	0.4532	0.0052	
nsga150k4x	I3	3067376	113	0.0140	0.6312	0.4476	0.0048	
nsga150k4x	I3	3074883	126	0.0233	0.7884	0.4511	0.0080	
nsga150k4x	I3	3077684	130	0.0326	0.9725	0.4639	0.0172	
nsga150k4x	I3	3058384	127	0.0186	0.6730	0.4558	0.0047	
nsga150k4x	I3	3063443	114	0.0279	0.6096	0.4564	0.0042	
nsga150k4x	I3	3073676	119	0.0140	0.6813	0.4513	0.0047	
nsga150k4x	I3	3065280	136	0.0047	0.7275	0.4349	0.0057	
nsga150k4x	I3	3078701	118	0.0140	0.6754	0.4616	0.0039	
nsga150k4x	I3	3051971	137	0.0326	0.7426	0.4404	0.0073	
nsga150k4x	I3	3066716	111	0.0326	0.6883	0.4564	0.0047	
nsga150k4x	I3	3071376	106	0.0093	0.5921	0.4515	0.0048	
nsga150k4x	I3	3068646	123	0.0093	0.6902	0.4451	0.0051	
nsga150k4x	I3	3057839	141	0.0326	0.6358	0.4562	0.0042	
nsga150k4x	I4	1578975	201	0.0105	0.5927	0.4880	0.0018	
nsga150k4x	I4	1532491	180	0.0175	0.5677	0.4925	0.0015	
nsga150k4x	I4	1528432	169	0.0175	0.5871	0.4888	0.0021	
nsga150k4x	I4	1526255	178	0.0070	0.5681	0.4860	0.0018	
nsga150k4x	I4	1529496	182	0.0105	0.5966	0.4904	0.0016	
nsga150k4x	I4	1528770	176	0.0210	0.6049	0.4923	0.0015	
nsga150k4x	I4	1529916	195	0.0105	0.5905	0.4896	0.0016	
nsga150k4x	I4	1530242	191	0.0315	0.6237	0.4930	0.0015	
nsga150k4x	I4	1530210	180	0.0245	0.5998	0.4904	0.0015	
nsga150k4x	I4	1523332	202	0.0280	0.5330	0.4883	0.0016	
nsga150k4x	I4	1527087	194	0.0280	0.6313	0.4935	0.0014	
nsga150k4x	I4	1532554	174	0.0315	0.6280	0.4909	0.0018	
nsga150k4x	I4	1526883	202	0.0140	0.5832	0.4883	0.0017	
nsga150k4x	I4	1533460	198	0.0105	0.6124	0.4843	0.0019	
nsga150k4x	I4	1532210	183	0.0350	0.6188	0.4928	0.0016	
nsga150k4x	I4	1525637	176	0.0245	0.5792	0.4951	0.0017	
nsga150k4x	I4	1521841	184	0.0105	0.6204	0.4886	0.0018	
nsga150k4x	I4	1525210	199	0.0000	0.6815	0.4874	0.0018	
nsga150k4x	I4	1526102	179	0.0175	0.6085	0.4894	0.0018	
nsga150k4x	I4	1532794	176	0.0140	0.6047	0.4925	0.0014	
nsga150k4x	I4	1503736	205	0.0105	0.5819	0.4874	0.0018	
nsga150k4x	I4	1478750	197	0.0105	0.6054	0.4901	0.0018	
nsga150k4x	I4	1478021	167	0.0490	0.5953	0.4943	0.0013	
nsga150k4x	I4	1477920	179	0.0490	0.5634	0.4941	0.0014	
nsga150k4x	I4	1479094	180	0.0140	0.6138	0.4902	0.0016	
nsga150k4x	I4	1482093	170	0.0210	0.6268	0.4941	0.0015	
nsga150k4x	I4	1477344	195	0.0105	0.6865	0.4862	0.0019	
nsga150k4x	I4	1484152	185	0.0245	0.5876	0.4939	0.0015	
nsga150k4x	I4	1483108	186	0.0140	0.6176	0.4907	0.0017	
nsga150k4x	I4	1479176	190	0.0315	0.6005	0.4917	0.0014	
nsga150k4x	I4	1484430	189	0.0070	0.5883	0.4838	0.0021	
nsga150k4x	I4	1483918	180	0.0315	0.6349	0.4921	0.0017	
nsga150k4x	I4	1487718	182	0.0000	0.6034	0.4869	0.0017	
nsga150k4x	I4	1478348	174	0.0140	0.5642	0.4913	0.0014	
nsga150k4x	I4	1484365	194	0.0105	0.6542	0.4890	0.0018	
nsga150k4x	I4	1482068	201	0.0385	0.6092	0.4944	0.0013	
nsga150k4x	I4	1479932	194	0.0175	0.6084	0.4904	0.0017	
nsga150k4x	I4	1481061	190	0.0210	0.6127	0.4912	0.0019	
nsga150k4x	I4	1486907	183	0.0140	0.5651	0.4922	0.0015	
nsga150k4x	I4	1479758	176	0.0280	0.5889	0.4894	0.0018	
nsga150k4x	I4	1481935	180	0.0035	0.6175	0.4871	0.0018	
nsga150k4x	I4	1482393	178	0.0175	0.6246	0.4888	0.0017	
nsga150k4x	I4	1478542	177	0.0210	0.6441	0.4928	0.0017	
nsga150k4x	I4	1479700	174	0.0594	0.6294	0.4962	0.0014	
nsga150k4x	I4	1479805	183	0.0070	0.5725	0.4879	0.0017	
nsga150k4x	I4	1482915	198	0.0105	0.5949	0.4874	0.0018	
nsga150k4x	I4	1476731	172	0.0315	0.5786	0.4909	0.0015	
nsga150k4x	I4	1482626	172	0.0315	0.6149	0.4925	0.0015	
nsga150k4x	I4	1479062	186	0.0210	0.6435	0.4925	0.0018	
nsga150k4x	I4	1483960	176	0.0175	0.6475	0.4890	0.0017	
nsga150k4x	I5	666185	145	0.0463	0.6011	0.4986	0.0017	
nsga150k4x	I5	667199	156	0.0232	0.5740	0.4942	0.0017	
nsga150k4x	I5	666191	146	0.0193	0.5817	0.4951	0.0018	
nsga150k4x	I5	667151	167	0.0039	0.5912	0.4895	0.0020	
nsga150k4x	I5	665726	160	0.0734	0.5972	0.4960	0.0018	
nsga150k4x	I5	666050	159	0.0463	0.5835	0.4946	0.0016	
nsga150k4x	I5	667147	165	0.0039	0.6054	0.4917	0.0021	
nsga150k4x	I5	667779	154	0.0154	0.5334	0.4949	0.0019	
nsga150k4x	I5	667672	169	0.0232	0.5871	0.4950	0.0016	
nsga150k4x	I5	666980	150	0.0077	0.5603	0.4912	0.0020	
nsga150k4x	I5	665046	157	0.0193	0.5978	0.4945	0.0019	
nsga150k4x	I5	665912	162	0.0270	0.6100	0.4948	0.0017	
nsga150k4x	I5	665442	135	0.0193	0.5409	0.4922	0.0021	
nsga150k4x	I5	667054	156	0.0154	0.5863	0.4935	0.0021	
nsga150k4x	I5	667855	155	0.0039	0.5891	0.4862	0.0024	
nsga150k4x	I5	669242	152	0.0154	0.5961	0.4944	0.0019	
nsga150k4x	I5	669474	162	0.0077	0.6590	0.4908	0.0020	
nsga150k4x	I5	668804	170	0.0270	0.6108	0.4985	0.0016	
nsga150k4x	I5	666813	157	0.0232	0.5371	0.4946	0.0022	
nsga150k4x	I5	668378	141	0.0154	0.6129	0.4933	0.0020	
nsga150k4x	I5	666884	157	0.0154	0.6140	0.4940	0.0023	
nsga150k4x	I5	669678	150	0.0154	0.5917	0.4939	0.0019	
nsga150k4x	I5	667243	176	0.0154	0.6057	0.4894	0.0022	
nsga150k4x	I5	669121	165	0.0077	0.5746	0.4922	0.0018	
nsga150k4x	I5	668381	139	0.0154	0.5746	0.4937	0.0020	
nsga150k4x	I5	666004	162	0.0193	0.5943	0.4940	0.0018	
nsga150k4x	I5	669970	158	0.0077	0.5541	0.4873	0.0023	
nsga150k4x	I5	669176	175	0.0077	0.5754	0.4929	0.0018	
nsga150k4x	I5	669718	153	0.0309	0.5610	0.4957	0.0020	
nsga150k4x	I5	668608	158	0.0154	0.6059	0.4936	0.0018	
nsga150k4x	I5	667786	148	0.0618	0.5885	0.4969	0.0019	
nsga150k4x	I5	668365	159	0.0193	0.6245	0.4910	0.0020	
nsga150k4x	I5	668080	160	0.0502	0.5848	0.4997	0.0016	
nsga150k4x	I5	666591	150	0.0116	0.6276	0.4906	0.0025	
nsga150k4x	I5	667780	174	0.0077	0.6619	0.4930	0.0020	
nsga150k4x	I5	668750	153	0.0154	0.5932	0.4906	0.0022	
nsga150k4x	I5	669064	156	0.0116	0.6057	0.4952	0.0019	
nsga150k4x	I5	667042	161	0.0193	0.5461	0.4958	0.0017	
nsga150k4x	I5	670161	146	0.0039	0.6036	0.4915	0.0022	
nsga150k4x	I5	669370	148	0.0154	0.5760	0.4936	0.0019	
nsga150k4x	I5	669056	155	0.0386	0.5691	0.4974	0.0015	
nsga150k4x	I5	669283	145	0.0116	0.5741	0.4902	0.0022	
nsga150k4x	I5	666868	148	0.0193	0.5640	0.4929	0.0021	
nsga150k4x	I5	667911	144	0.0232	0.5436	0.4973	0.0017	
nsga150k4x	I5	666378	160	0.0116	0.5305	0.4880	0.0022	
nsga150k4x	I5	667215	160	0.0039	0.5892	0.4931	0.0020	
nsga150k4x	I5	669489	150	0.0039	0.6489	0.4895	0.0024	
nsga150k4x	I5	670003	162	0.0193	0.5363	0.4941	0.0020	
nsga150k4x	I5	668146	160	0.0232	0.5843	0.4945	0.0020	
nsga150k4x	I5	668759	149	0.0425	0.5604	0.4988	0.0018	
nsga150k8x	I0	916411	104	0.0263	0.5907	0.4471	0.0039	
nsga150k8x	I0	672797	108	0.0421	0.6131	0.4495	0.0044	
nsga150k8x	I0	637702	97	0.0211	0.6559	0.4561	0.0073	
nsga150k8x	I0	625238	110	0.0263	0.6405	0.4527	0.0036	
nsga150k8x	I0	624337	105	0.0158	0.7288	0.4541	0.0073	
nsga150k8x	I0	623015	111	0.0421	0.6936	0.4500	0.0048	
nsga150k8x	I0	624330	115	0.0000	0.6311	0.4423	0.0041	
nsga150k8x	I0	637336	115	0.0211	0.7390	0.4479	0.0058	
nsga150k8x	I0	643294	112	0.0000	0.5816	0.4429	0.0038	
nsga150k8x	I0	624534	105	0.0368	0.5971	0.4524	0.0043	
nsga150k8x	I0	626421	112	0.0105	0.6263	0.4482	0.0049	
nsga150k8x	I0	623945	112	0.0105	0.7332	0.4485	0.0062	
nsga150k8x	I0	624770	113	0.0105	0.7150	0.4432	0.0052	
nsga150k8x	I0	625204	105	0.0421	0.6097	0.4561	0.0037	
nsga150k8x	I0	625948	118	0.0105	0.6289	0.4414	0.0042	
nsga150k8x	I0	626324	103	0.0053	0.6380	0.4452	0.0040	
nsga150k8x	I0	623301	126	0.0158	0.6208	0.4429	0.0044	
nsga150k8x	I0	624171	103	0.0211	0.6403	0.4516	0.0040	
nsga150k8x	I0	623868	102	0.0316	0.7051	0.4503	0.0052	
nsga150k8x	I0	626232	108	0.0263	0.7257	0.4459	0.0067	
nsga150k8x	I0	639753	106	0.0158	0.6346	0.4474	0.0036	
nsga150k8x	I0	644209	126	0.0211	0.6603	0.4474	0.0033	
nsga150k8x	I0	629063	104	0.0158	0.5786	0.4452	0.0040	
nsga150k8x	I0	624876	117	0.0316	0.6728	0.4484	0.0047	
nsga150k8x	I0	623720	122	0.0053	0.6733	0.4443	0.0045	
nsga150k8x	I0	625959	111	0.0105	0.6911	0.4450	0.0045	
nsga150k8x	I0	624675	111	0.0158	0.6782	0.4463	0.0047	
nsga150k8x	I0	624808	105	0.0263	0.6429	0.4494	0.0041	
nsga150k8x	I0	623932	119	0.0053	0.7439	0.4443	0.0053	
nsga150k8x	I0	624359	109	0.0526	0.6219	0.4581	0.0033	
nsga150k8x	I0	623395	111	0.0263	0.5715	0.4465	0.0048	
nsga150k8x	I0	624559	111	0.0263	0.6648	0.4476	0.0040	
nsga150k8x	I0	623632	103	0.0263	0.6236	0.4495	0.0052	
nsga150k8x	I0	624132	113	0.0158	0.6323	0.4503	0.0037	
nsga150k8x	I0	624906	103	0.0158	0.6451	0.4490	0.0041	
nsga150k8x	I0	625844	116	0.0158	0.6888	0.4450	0.0050	
nsga150k8x	I0	625590	98	0.0158	0.5876	0.4503	0.0036	
nsga150k8x	I0	623243	108	0.0316	0.5753	0.4514	0.0031	
nsga150k8x	I0	622716	106	0.0158	0.6235	0.4448	0.0048	
nsga150k8x	I0	626847	109	0.0158	0.6458	0.4444	0.0045	
nsga150k8x	I0	623181	112	0.0158	0.7552	0.4432	0.0094	
nsga150k8x	I0	623963	120	0.0105	0.6842	0.4413	0.0047	
nsga150k8x	I0	624274	102	0.0158	0.6464	0.4477	0.0043	
nsga150k8x	I0	624325	112	0.0158	0.6186	0.4512	0.0035	
nsga150k8x	I0	621900	110	0.0211	0.6491	0.4474	0.0041	
nsga150k8x	I0	625455	105	0.0211	0.6413	0.4554	0.0064	
nsga150k8x	I0	624659	117	0.0105	0.6345	0.4432	0.0041	
nsga150k8x	I0	622459	109	0.0105	0.6253	0.4467	0.0039	
nsga150k8x	I0	625001	106	0.0368	0.7680	0.4488	0.0054	
nsga150k8x	I0	624387	112	0.0211	0.7205	0.4468	0.0067	
nsga150k8x	I1	3643356	119	0.0220	0.6177	0.5136	0.0026	
nsga150k8x	I1	3627553	127	0.0110	0.6419	0.5044	0.0029	
nsga150k8x	I1	3647293	123	0.0165	0.6408	0.5055	0.0028	
nsga150k8x	I1	3641950	125	0.0220	0.6456	0.5132	0.0025	
nsga150k8x	I1	3633242	140	0.0165	0.6826	0.5058	0.0027	
nsga150k8x	I1	3634628	126	0.0330	0.6028	0.5074	0.0027	
nsga150k8x	I1	3635231	116	0.0385	0.6045	0.5091	0.0029	
nsga150k8x	I1	3633410	126	0.0055	0.6119	0.5026	0.0031	
nsga150k8x	I1	3636983	129	0.0220	0.6425	0.5078	0.0029	
nsga150k8x	I1	3632782	119	0.0714	0.6125	0.5131	0.0031	
nsga150k8x	I1	3635735	118	0.0220	0.7386	0.5078	0.0031	
nsga150k8x	I1	3636509	131	0.0220	0.6097	0.5070	0.0028	
nsga150k8x	I1	3633776	127	0.0220	0.6299	0.5061	0.0030	
nsga150k8x	I1	3635568	126	0.0110	0.6002	0.5063	0.0028	
nsga150k8x	I1	3621692	144	0.0055	0.6458	0.5064	0.0028	
nsga150k8x	I1	3647388	153	0.0110	0.7224	0.5052	0.0034	
nsga150k8x	I1	3616615	133	0.0220	0.6492	0.5134	0.0026	
nsga150k8x	I1	3630765	108	0.0220	0.5954	0.5080	0.0028	
nsga150k8x	I1	3628097	137	0.0165	0.6878	0.5092	0.0027	
nsga150k8x	I1	3619711	142	0.0055	0.5729	0.5031	0.0031	
nsga150k8x	I1	3624895	133	0.0110	0.6487	0.5042	0.0028	
nsga150k8x	I1	3074398	135	0.0220	0.5366	0.5043	0.0028	
nsga150k8x	I1	2832928	134	0.0110	0.5842	0.5023	0.0030	
nsga150k8x	I1	2831496	126	0.0165	0.6831	0.5020	0.0032	
nsga150k8x	I1	2829420	145	0.0055	0.6113	0.5067	0.0026	
nsga150k8x	I1	2835538	123	0.0055	0.5813	0.5048	0.0028	
nsga150k8x	I1	2841009	115	0.0659	0.6672	0.5167	0.0025	
nsga150k8x	I1	2847975	132	0.0110	0.6589	0.5036	0.0029	
nsga150k8x	I1	2838425	132	0.0220	0.6340	0.5073	0.0026	
nsga150k8x	I1	2839082	134	0.0275	0.6418	0.5081	0.0026	
nsga150k8x	I1	2831389	125	0.0275	0.5731	0.5081	0.0028	
nsga150k8x	I1	2839831	124	0.0440	0.6360	0.5139	0.0025	
nsga150k8x	I1	2827967	119	0.0275	0.6215	0.5034	0.0031	
nsga150k8x	I1	2828655	132	0.0275	0.6142	0.5068	0.0028	
nsga150k8x	I1	2837410	139	0.0330	0.6894	0.5061	0.0029	
nsga150k8x	I1	2834970	139	0.0165	0.6710	0.5030	0.0030	
nsga150k8x	I1	2826653	116	0.0165	0.6029	0.5092	0.0028	
nsga150k8x	I1	2829893	138	0.0165	0.6635	0.5043	0.0030	
nsga150k8x	I1	2828661	128	0.0055	0.6295	0.5074	0.0028	
nsga150k8x	I1	2833491	132	0.0330	0.6153	0.5081	0.0027	
nsga150k8x	I1	2835813	127	0.0055	0.5421	0.4992	0.0032	
nsga150k8x	I1	2836436	127	0.0275	0.5791	0.5092	0.0028	
nsga150k8x	I1	2830280	144	0.0000	0.6982	0.4990	0.0031	
nsga150k8x	I1	2834582	129	0.0165	0.6142	0.5068	0.0029	
nsga150k8x	I1	2831965	136	0.0165	0.6793	0.5066	0.0029	
nsga150k8x	I1	2839196	120	0.0165	0.5586	0.5103	0.0029	
nsga150k8x	I1	2844077	132	0.0165	0.6120	0.5116	0.0025	
nsga150k8x	I1	2828957	147	0.0110	0.5961	0.5031	0.0027	
nsga150k8x	I1	2820252	140	0.0110	0.6131	0.5033	0.0027	
nsga150k8x	I1	2829720	135	0.0165	0.6393	0.5005	0.0032	
nsga150k8x	I2	4636901	81	0.0308	0.6588	0.5542	0.0057	
nsga150k8x	I2	4330817	81	0.0000	0.5960	0.5368	0.0057	
nsga150k8x	I2	4303431	84	0.0077	0.6939	0.5509	0.0057	
nsga150k8x	I2	4348715	92	0.0077	0.6348	0.5423	0.0055	
nsga150k8x	I2	4305147	81	0.0308	0.6968	0.5461	0.0054	
nsga150k8x	I2	4302970	74	0.0385	0.5956	0.5602	0.0052	
nsga150k8x	I2	4308879	83	0.0077	0.6888	0.5453	0.0051	
nsga150k8x	I2	4312031	80	0.0154	0.6467	0.5498	0.0055	
nsga150k8x	I2	4323916	74	0.0231	0.6920	0.5485	0.0055	
nsga150k8x	I2	4316071	92	0.0077	0.6698	0.5356	0.0058	
nsga150k8x	I2	4319073	95	0.0077	0.6480	0.5449	0.0057	
nsga150k8x	I2	4320009	71	0.0077	0.6853	0.5450	0.0063	
nsga150k8x	I2	4321257	80	0.0385	0.6919	0.5533	0.0061	
nsga150k8x	I2	4318806	76	0.0385	0.7210	0.5612	0.0050	
nsga150k8x	I2	4316432	84	0.0077	0.6953	0.5434	0.0054	
nsga150k8x	I2	4318243	69	0.0308	0.6796	0.5511	0.0057	
nsga150k8x	I2	4321044	83	0.0077	0.6404	0.5358	0.0057	
nsga150k8x	I2	4246054	83	0.0154	0.6062	0.5424	0.0064	
nsga150k8x	I2	4224854	79	0.0154	0.6988	0.5478	0.0064	
nsga150k8x	I2	4190592	85	0.0308	0.7845	0.5536	0.0060	
nsga150k8x	I2	4228977	78	0.0154	0.6306	0.5548	0.0053	
nsga150k8x	I2	4189499	67	0.0385	0.6582	0.5503	0.0063	
nsga150k8x	I2	4196764	71	0.0231	0.5915	0.5578	0.0056	
nsga150k8x	I2	4198309	79	0.0308	0.7506	0.5541	0.0070	
nsga150k8x	I2	4193898	72	0.0308	0.6755	0.5520	0.0056	
nsga150k8x	I2	3705611	69	0.0308	0.5919	0.5591	0.0053	
nsga150k8x	I2	3377626	79	0.0154	0.6743	0.5446	0.0055	
nsga150k8x	I2	3372498	81	0.0077	0.6615	0.5391	0.0054	
nsga150k8x	I2	3372023	82	0.0077	0.6338	0.5484	0.0061	
nsga150k8x	I2	3372995	90	0.0462	0.7082	0.5468	0.0055	
nsga150k8x	I2	3370967	80	0.0231	0.7214	0.5476	0.0055	
nsga150k8x	I2	3369897	70	0.0231	0.7098	0.5511	0.0063	
nsga150k8x	I2	3368471	84	0.0231	0.6651	0.5510	0.0051	
nsga150k8x	I2	3376773	73	0.0231	0.6817	0.5529	0.0062	
nsga150k8x	I2	3377713	80	0.0231	0.6713	0.5498	0.0051	
nsga150k8x	I2	3372246	96	0.0154	0.6440	0.5483	0.0054	
nsga150k8x	I2	3368864	70	0.0385	0.6563	0.5451	0.0061	
nsga150k8x	I2	3367984	84	0.0154	0.6367	0.5520	0.0048	
nsga150k8x	I2	3372528	67	0.0231	0.6628	0.5449	0.0060	
nsga150k8x	I2	3372273	83	0.0000	0.7145	0.5328	0.0067	
nsga150k8x	I2	3367591	80	0.0077	0.5851	0.5455	0.0054	
nsga150k8x	I2	3377844	78	0.0154	0.6485	0.5508	0.0059	
nsga150k8x	I2	3374331	75	0.0231	0.6868	0.5499	0.0063	
nsga150k8x	I2	3376544	77	0.0154	0.6542	0.5520	0.0054	
nsga150k8x	I2	3375361	82	0.0308	0.7100	0.5552	0.0055	
nsga150k8x	I2	3369588	79	0.0154	0.6197	0.5407	0.0052	
nsga150k8x	I2	3372639	78	0.0231	0.6931	0.5503	0.0062	
nsga150k8x	I2	3372809	97	0.0000	0.7044	0.5421	0.0057	
nsga150k8x	I2	3374340	72	0.0231	0.7682	0.5457	0.0057	
nsga150k8x	I2	3354431	75	0.0231	0.6858	0.5556	0.0054	
nsga150k8x	I3	3109615	102	0.0552	0.6493	0.4809	0.0054	
nsga150k8x	I3	3106581	119	0.0276	0.7398	0.4663	0.0054	
nsga150k8x	I3	3127937	123	0.0110	0.6677	0.4642	0.0065	
nsga150k8x	I3	3108349	98	0.0221	0.7726	0.4663	0.0063	
nsga150k8x	I3	3133787	107	0.0331	0.6541	0.4544	0.0052	
nsga150k8x	I3	3121874	131	0.0110	0.8693	0.4563	0.0088	
nsga150k8x	I3	3119175	106	0.0331	0.7215	0.4560	0.0054	
nsga150k8x	I3	3127483	115	0.0110	0.7309	0.4502	0.0058	
nsga150k8x	I3	3111176	120	0.0055	0.6804	0.4521	0.0055	
nsga150k8x	I3	3107612	108	0.0055	0.7080	0.4426	0.0072	
nsga150k8x	I3	3105684	119	0.0055	0.6538	0.4477	0.0057	
nsga150k8x	I3	3110440	116	0.0110	0.6734	0.4515	0.0054	
nsga150k8x	I3	3119218	107	0.0166	0.7839	0.4532	0.0072	
nsga150k8x	I3	3109146	121	0.0166	0.6368	0.4571	0.0052	
nsga150k8x	I3	3121847	114	0.0055	0.6830	0.4520	0.0056	
nsga150k8x	I3	3118026	104	0.0110	0.7805	0.4496	0.0100	
nsga150k8x	I3	3101971	131	0.0110	0.6915	0.4423	0.0056	
nsga150k8x	I3	3105476	112	0.0166	0.6773	0.4503	0.0064	
nsga150k8x	I3	3113927	119	0.0000	0.9921	0.4374	0.0199	
nsga150k8x	I3	3123069	114	0.0110	0.6319	0.4579	0.0047	
nsga150k8x	I3	3113990	116	0.0221	0.8264	0.4528	0.0068	
nsga150k8x	I3	3145484	123	0.0110	0.8141	0.4545	0.0122	
nsga150k8x	I3	3129595	100	0.0221	1.0021	0.4635	0.0248	
nsga150k8x	I3	3264647	100	0.0221	0.6725	0.4665	0.0054	
nsga150k8x	I3	3114874	115	0.0221	0.6954	0.4433	0.0066	
nsga150k8x	I3	3111648	110	0.0497	0.6117	0.4538	0.0052	
nsga150k8x	I3	3117297	104	0.0387	0.6576	0.4612	0.0056	
nsga150k8x	I3	3105502	109	0.0110	0.6585	0.4549	0.0054	
nsga150k8x	I3	3109517	118	0.0055	0.6973	0.4485	0.0055	
nsga150k8x	I3	3111718	107	0.0221	0.8862	0.4620	0.0135	
nsga150k8x	I3	3097834	127	0.0221	0.8469	0.4508	0.0085	
nsga150k8x	I3	3106918	106	0.0331	0.6874	0.4580	0.0051	
nsga150k8x	I3	3107965	101	0.0276	0.5860	0.4552	0.0057	
nsga150k8x	I3	3134859	117	0.0000	0.9571	0.4452	0.0154	
nsga150k8x	I3	3125209	114	0.0055	0.6307	0.4590	0.0052	
nsga150k8x	I3	3110189	103	0.0331	0.8752	0.4543	0.0097	
nsga150k8x	I3	3107963	107	0.0331	0.6379	0.4669	0.0060	
nsga150k8x	I3	3117844	104	0.0276	0.7960	0.4677	0.0080	
nsga150k8x	I3	3105977	114	0.0387	0.6286	0.4637	0.0049	
nsga150k8x	I3	3114815	127	0.0166	0.6543	0.4513	0.0051	
nsga150k8x	I3	3111878	110	0.0276	0.6777	0.4581	0.0048	
nsga150k8x	I3	3104750	98	0.0387	0.6361	0.4560	0.0062	
nsga150k8x	I3	3107456	106	0.0276	0.6514	0.4594	0.0054	
nsga150k8x	I3	3118769	107	0.0166	0.6217	0.4489	0.0055	
nsga150k8x	I3	3104992	91	0.0276	0.6754	0.4663	0.0050	
nsga150k8x	I3	3122224	107	0.0276	0.8644	0.4516	0.0102	
nsga150k8x	I3	3126305	117	0.0110	0.6178	0.4541	0.0052	
nsga150k8x	I3	3102544	120	0.0110	0.6242	0.4585	0.0046	
nsga150k8x	I3	3119720	100	0.0276	0.6492	0.4680	0.0050	
nsga150k8x	I3	3130244	106	0.0000	1.0092	0.4542	0.0214	
nsga150k8x	I4	1894560	167	0.0075	0.5908	0.4857	0.0019	
nsga150k8x	I4	1530056	199	0.0151	0.6612	0.4871	0.0021	
nsga150k8x	I4	1531383	151	0.0377	0.5602	0.4908	0.0017	
nsga150k8x	I4	1559121	186	0.0189	0.5705	0.4895	0.0016	
nsga150k8x	I4	1527020	179	0.0113	0.6086	0.4866	0.0019	
nsga150k8x	I4	1531117	178	0.0264	0.6280	0.4898	0.0017	
nsga150k8x	I4	1527241	187	0.0038	0.6105	0.4836	0.0020	
nsga150k8x	I4	1527175	169	0.0491	0.6045	0.4922	0.0015	
nsga150k8x	I4	1563150	159	0.0264	0.6730	0.4888	0.0021	
nsga150k8x	I4	1534962	174	0.0113	0.6015	0.4882	0.0018	
nsga150k8x	I4	1532726	176	0.0189	0.6268	0.4880	0.0019	
nsga150k8x	I4	1531906	185	0.0226	0.5449	0.4897	0.0015	
nsga150k8x	I4	1534089	171	0.0075	0.6334	0.4873	0.0020	
nsga150k8x	I4	1522113	160	0.0302	0.6251	0.4874	0.0018	
nsga150k8x	I4	1531532	188	0.0113	0.6314	0.4884	0.0017	
nsga150k8x	I4	1529871	161	0.0377	0.6376	0.4925	0.0015	
nsga150k8x	I4	1528540	178	0.0075	0.6436	0.4842	0.0021	
nsga150k8x	I4	1530779	161	0.0189	0.6478	0.4869	0.0020	
nsga150k8x	I4	1527072	175	0.0226	0.5648	0.4891	0.0019	
nsga150k8x	I4	1528849	189	0.0151	0.6014	0.4883	0.0017	
nsga150k8x	I4	1501718	180	0.0189	0.6365	0.4898	0.0016	
nsga150k8x	I4	1490240	179	0.0038	0.5720	0.4799	0.0022	
nsga150k8x	I4	1485876	182	0.0453	0.6579	0.4923	0.0016	
nsga150k8x	I4	1488548	184	0.0075	0.6155	0.4874	0.0018	
nsga150k8x	I4	1483675	186	0.0113	0.6519	0.4858	0.0021	
nsga150k8x	I4	1485204	166	0.0302	0.5760	0.4928	0.0017	
nsga150k8x	I4	1487038	170	0.0415	0.5775	0.4937	0.0014	
nsga150k8x	I4	1486193	189	0.0113	0.6286	0.4880	0.0017	
nsga150k8x	I4	1488531	173	0.0189	0.6189	0.4902	0.0017	
nsga150k8x	I4	1487504	161	0.0302	0.5666	0.4888	0.0019	
nsga150k8x	I4	1494391	178	0.0113	0.6030	0.4883	0.0017	
nsga150k8x	I4	1490657	171	0.0038	0.6467	0.4832	0.0023	
nsga150k8x	I4	1489243	178	0.0264	0.5960	0.4892	0.0018	
nsga150k8x	I4	1490015	191	0.0226	0.6390	0.4881	0.0018	
nsga150k8x	I4	1485745	188	0.0189	0.6018	0.4900	0.0016	
nsga150k8x	I4	1489459	194	0.0075	0.6122	0.4856	0.0018	
nsga150k8x	I4	1491630	158	0.0151	0.6277	0.4856	0.0023	
nsga150k8x	I4	1483637	176	0.0151	0.6480	0.4868	0.0019	
nsga150k8x	I4	1487035	164	0.0491	0.5961	0.4910	0.0016	
nsga150k8x	I4	1482706	206	0.0151	0.5450	0.4881	0.0016	
nsga150k8x	I4	1486416	185	0.0264	0.6149	0.4882	0.0017	
nsga150k8x	I4	1487657	181	0.0151	0.6051	0.4900	0.0015	
nsga150k8x	I4	1485548	171	0.0189	0.5495	0.4886	0.0017	
nsga150k8x	I4	1489247	185	0.0113	0.6055	0.4886	0.0017	
nsga150k8x	I4	1486466	179	0.0113	0.6142	0.4857	0.0019	
nsga150k8x	I4	1493938	163	0.0264	0.6568	0.4869	0.0023	
nsga150k8x	I4	1490745	194	0.0075	0.6594	0.4848	0.0020	
nsga150k8x	I4	1487106	191	0.0189	0.6282	0.4911	0.0016	
nsga150k8x	I4	1488216	193	0.0151	0.5767	0.4889	0.0018	
nsga150k8x	I4	1483436	179	0.0453	0.5796	0.4902	0.0017	
nsga150k8x	I5	666637	140	0.0258	0.6310	0.5024	0.0020	
nsga150k8x	I5	666742	146	0.0558	0.6203	0.5072	0.0020	
nsga150k8x	I5	666056	136	0.0472	0.6152	0.5085	0.0016	
nsga150k8x	I5	666368	148	0.0300	0.5888	0.5042	0.0019	
nsga150k8x	I5	691102	154	0.0215	0.5831	0.5030	0.0020	
nsga150k8x	I5	676033	132	0.0386	0.6451	0.5043	0.0019	
nsga150k8x	I5	665456	166	0.0129	0.6088	0.5023	0.0020	
nsga150k8x	I5	667314	145	0.0300	0.5872	0.5058	0.0019	
nsga150k8x	I5	667321	148	0.0086	0.5775	0.5022	0.0020	
nsga150k8x	I5	665234	152	0.0129	0.5946	0.5004	0.0021	
nsga150k8x	I5	667620	158	0.0172	0.5885	0.5036	0.0017	
nsga150k8x	I5	667183	148	0.0172	0.6106	0.5031	0.0020	
nsga150k8x	I5	665113	139	0.0086	0.6450	0.5034	0.0021	
nsga150k8x	I5	666742	145	0.0129	0.5694	0.5002	0.0020	
nsga150k8x	I5	668266	161	0.0172	0.6051	0.4997	0.0019	
nsga150k8x	I5	665494	155	0.0086	0.6013	0.4969	0.0022	
nsga150k8x	I5	667533	136	0.0258	0.6584	0.5043	0.0021	
nsga150k8x	I5	664292	156	0.0172	0.6121	0.5044	0.0017	
nsga150k8x	I5	684106	168	0.0258	0.6130	0.5045	0.0020	
nsga150k8x	I5	682615	156	0.0258	0.6325	0.5046	0.0017	
nsga150k8x	I5	668478	137	0.0043	0.5620	0.4997	0.0021	
nsga150k8x	I5	667005	147	0.0258	0.6028	0.5082	0.0018	
nsga150k8x	I5	667681	149	0.0086	0.6452	0.4983	0.0023	
nsga150k8x	I5	667132	165	0.0172	0.5928	0.5034	0.0017	
nsga150k8x	I5	666956	143	0.0043	0.5814	0.5052	0.0017	
nsga150k8x	I5	664293	157	0.0172	0.5798	0.5011	0.0020	
nsga150k8x	I5	668589	144	0.0215	0.6480	0.4959	0.0025	
nsga150k8x	I5	667462	150	0.0086	0.6287	0.5045	0.0018	
nsga150k8x	I5	666839	148	0.0129	0.6156	0.4986	0.0024	
nsga150k8x	I5	664854	154	0.0043	0.5801	0.5021	0.0019	
nsga150k8x	I5	665028	144	0.0172	0.5698	0.5031	0.0021	
nsga150k8x	I5	664766	137	0.0215	0.5586	0.5061	0.0020	
nsga150k8x	I5	666495	138	0.0386	0.5818	0.5061	0.0018	
nsga150k8x	I5	664509	137	0.0215	0.5590	0.5038	0.0019	
nsga150k8x	I5	665254	154	0.0258	0.6062	0.5035	0.0017	
nsga150k8x	I5	667566	140	0.0215	0.5628	0.5054	0.0018	
nsga150k8x	I5	664534	151	0.0215	0.6294	0.5012	0.0020	
nsga150k8x	I5	664782	153	0.0129	0.5977	0.5009	0.0019	
nsga150k8x	I5	665991	147	0.0043	0.5830	0.5032	0.0018	
nsga150k8x	I5	666296	145	0.0172	0.5930	0.5037	0.0019	
nsga150k8x	I5	665899	140	0.0129	0.6416	0.5047	0.0020	
nsga150k8x	I5	665861	169	0.0644	0.6065	0.5073	0.0016	
nsga150k8x	I5	667343	151	0.0086	0.6127	0.4975	0.0020	
nsga150k8x	I5	667491	137	0.0258	0.5894	0.5028	0.0020	
nsga150k8x	I5	666345	136	0.0129	0.6182	0.5048	0.0019	
nsga150k8x	I5	666783	149	0.0258	0.6417	0.5017	0.0021	
nsga150k8x	I5	665396	157	0.0043	0.6132	0.4976	0.0021	
nsga150k8x	I5	665654	136	0.0343	0.5588	0.5046	0.0020	
nsga150k8x	I5	667996	161	0.0129	0.6620	0.5016	0.0018	
nsga150k8x	I5	666441	152	0.0129	0.6004	0.5027	0.0018	

