inst	noh	mks	cst
ACAD	17.853	153.6	84082.8159
ACAD	16.6094	154.8	83925.0426
ACAD	18.8948	152.6	84215.96
ACAD	30.9023	140.9	85651.1589
ACAD	12.2644	159.2	83503.1883
ACAD	16.3206	155.1	83920.9197
ACAD	10.8462	160.6	83366.7175
ACAD	10.2507	161.2	83351.0997
ACAD	14.0563	157.4	83706.4679
ACAD	19.7356	151.8	84311.9906
ACAD	18.4141	153.0	84175.1777
ACAD	15.3325	156.1	83821.036
ACAD	17.0139	154.4	83999.0532
ACAD	6.1124	165.3	82918.8148
ACAD	16.2423	155.2	83936.4103
ACAD	26.6632	144.9	85039.7327
ACAD	19.2197	152.2	84238.7955
ACAD	23.2751	148.2	84637.3555
ACAD	12.3106	159.1	83527.3429
ACAD	7.4104	164.1	83043.4169
ACAD	36.0832	136.8	86716.4758
ACAD	12.8175	158.6	83597.5081
ACAD	27.3895	144.2	85168.4879
ACAD	20.986	150.5	84434.9284
ACAD	14.1003	157.4	83696.1977
ACAD	24.6357	146.9	84869.354
ACAD	24.177	147.3	84728.9857
ACAD	21.727	149.7	84489.5174
ACAD	20.1238	151.3	84352.0643
ACAD	31.6037	140.4	85781.0712
ACAD	23.3939	148.1	84659.6467
ACAD	30.2227	141.3	85447.4355
ACAD	28.5074	143.2	85352.1598
ACAD	11.8795	159.6	83478.2209
ACAD	24.9225	146.6	84868.1501
ACAD	13.4057	158.1	83624.4793
ACAD	21.8956	149.6	84492.9397
ACAD	31.7105	139.9	85637.258
ACAD	22.2529	149.3	84546.3538
ACAD	23.1133	148.3	84687.4281
ACAD	25.9144	145.5	84938.4667
ACAD	13.7513	157.7	83662.6951
ACAD	25.2965	146.2	84891.9867
ACAD	15.9667	155.5	83889.5403
ACAD	16.7411	154.7	83964.7954
ACAD	9.5516	162.0	83299.7291
ACAD	39.1124	134.8	87558.598
ACAD	36.4122	136.3	86704.219
ACAD	35.6805	136.9	86539.4653
ACAD	33.122	138.9	85995.8319
ACAD	21.9258	149.5	84535.4547
ACAD	28.3818	143.3	85311.9282
ACAD	9.0767	162.4	83214.9624
ACAD	23.0797	148.4	84602.6656
ACAD	31.1188	140.7	85678.4778
ACAD	25.9036	145.6	84922.433
ACAD	20.1845	151.3	84308.9544
ACAD	18.0235	153.4	84079.816
ACAD	14.4836	157.0	83734.0218
ACAD	19.5874	151.9	84250.643
ACAD	15.1696	156.3	83788.3091
ACAD	2.2366	169.3	82593.6989
ACAD	37.8726	135.7	87236.7938
ACAD	32.1561	139.8	85873.5099
ACAD	7.2572	164.2	83040.5435
ACAD	31.644	140.2	85762.7436
ACAD	11.2869	160.2	83409.4996
ACAD	5.3587	166.1	82840.3984
ACAD	22.483	149.0	84611.9414
ACAD	3.0738	168.4	82621.0408
ACAD	23.6527	147.9	84743.6263
ACAD	22.5081	148.9	84532.5173
ACAD	24.3092	147.1	84740.184
ACAD	12.7693	158.7	83551.8078
ACAD	23.7745	147.7	84713.2701
ACAD	46.1956	133.3	90986.996
ACAD	2.4591	169.2	82668.0864
ACAD	8.8389	162.6	83199.1631
ACAD	14.5768	156.9	83742.9719
ACAD	18.2149	153.2	84116.1124
ACAD	19.1065	152.4	84202.6815
ACAD	33.1806	138.7	85923.4729
ACAD	34.4178	137.9	86257.2254
ACAD	9.7413	161.7	83273.3809
ACAD	15.724	155.7	83890.3338
ACAD	15.1236	156.3	83839.4863
ACAD	14.1274	157.3	83688.5455
ACAD	22.0338	149.4	84505.9307
ACAD	17.2384	154.2	84049.1231
ACAD	11.6282	159.8	83464.3716
ACAD	10.1395	161.3	83306.3227
ACAD	9.9179	161.5	83285.6076
ACAD	12.5117	158.9	83569.9094
ACAD	21.8895	149.6	84498.3148
ACAD	13.7333	157.7	83695.2028
ACAD	21.4151	150.0	84457.4858
ACAD	3.2432	168.3	82692.3457
ACAD	20.7568	150.7	84385.1837
ACAD	15.4524	156.0	83843.3604
ACAD	6.3125	165.1	82931.9617
ACAD	17.1189	154.3	83983.0314
ACAD	19.375	152.1	84217.835
ACAD	24.2567	147.2	84734.9157
ACAD	20.3419	151.1	84323.5662
ACAD	17.7073	153.8	84059.0644
ACAD	5.6042	165.9	82863.9639
ACAD	18.5807	152.9	84144.3945
ACAD	19.2399	152.2	84233.6211
ACAD	34.8399	137.7	86449.7796
ACAD	18.012	153.4	84092.6142
ACAD	14.7217	156.7	83745.311
ACAD	14.1184	157.3	83697.6896
ACAD	24.9881	146.5	84819.0144
ACAD	8.7265	162.7	83163.7067
ACAD	8.2393	163.2	83133.5454
ACAD	20.0938	151.4	84302.55
ACAD	9.2315	162.2	83225.8338
ACAD	13.5267	157.9	83648.9377
ACAD	19.7582	151.7	84245.5511
ACAD	7.7818	163.7	83071.4873
ACAD	16.518	154.9	83923.2616
ACAD	13.2171	158.2	83638.2284
ACAD	4.618	166.8	82768.5972
ACAD	8.0597	163.4	83111.9483
ACAD	12.155	159.3	83518.4562
ACAD	22.1801	149.3	84588.3167
ACAD	10.7796	160.7	83386.4184
ACAD	6.9483	164.5	82991.8972
ACAD	7.4503	164.0	83047.2481
ACAD	10.3373	161.1	83332.0696
ACAD	15.9514	155.5	83895.6738
ACAD	20.5145	150.9	84356.3325
ACAD	12.6859	158.8	83555.379
ACAD	11.3238	160.1	83419.1052
ACAD	1.8697	170.2	82802.9767
ACAD	34.4043	138.0	86339.9866
ACAD	32.6405	139.3	85918.0332
ACAD	9.5699	161.9	83268.0673
ACAD	6.0384	165.4	82919.2959
ACAD	7.5621	163.9	83051.9111
ACAD	28.5597	143.1	85295.3413
ACAD	12.5139	158.9	83542.6484
ACAD	6.6106	164.9	82960.5787
ACAD	12.0846	159.4	83499.5788
ACAD	22.9695	148.5	84589.2501
ACAD	13.0735	158.4	83614.4444
ACAD	13.0165	158.4	83632.7331
ACAD	2.6312	168.8	82578.5589
ACAD	5.1089	166.4	82823.5682
ACAD	34.9193	137.6	86387.9159
ACAD	33.4353	138.5	85986.0608
ACAD	17.3553	154.1	84033.5119
ACAD	32.7989	139.2	85929.9009
ACAD	11.7481	159.7	83511.3389
ACAD	17.9227	153.5	84080.502
ACAD	16.7742	154.7	83962.4309
ACAD	7.1832	164.3	83015.5439
ACAD	25.5574	146.0	84951.7211
ACAD	12.7135	158.7	83572.6097
ACAD	3.6752	167.8	82694.4662
ACAD	5.9277	165.5	82911.1278
ACAD	20.0192	151.4	84305.5453
ACAD	6.6945	164.8	82968.6316
ACAD	21.1995	150.3	84454.1821
ACAD	7.8434	163.6	83084.9891
ACAD	4.3387	167.1	82751.7942
ACAD	16.0235	155.4	83870.2753
ACAD	35.0601	137.4	86439.3664
ACAD	34.0563	138.3	86259.0961
ACAD	9.3716	162.1	83221.2981
ACAD	14.9156	156.5	83757.8526
ACAD	4.9602	166.5	82800.5994
ACAD	7.4646	164.0	83041.0943
ACAD	13.1994	158.3	83610.1921
ACAD	29.5625	142.1	85442.6839
ACAD	2.7294	168.7	82587.9781
ACAD	25.5657	145.9	84902.0913
ACAD	22.6161	148.8	84610.9547
ACAD	8.6569	162.8	83175.2413
ACAD	14.4323	157.0	83734.489
ACAD	16.9666	154.5	83991.9986
ACAD	19.4482	152.0	84223.9934
ACAD	6.5511	165.0	83028.5777
ACAD	2.5999	168.9	82575.364
ACAD	44.4548	133.4	90039.0011
ACAD	44.2857	133.5	89982.6875
ACAD	41.8251	134.0	88742.5574
ACAD	4.8502	166.6	82803.1518
ACAD	7.0253	164.4	83023.4168
ACAD	12.0256	159.4	83509.0417
ACAD	11.426	160.0	83466.4096
ACAD	16.244	155.2	83907.3526
ACAD	9.8598	161.6	83299.3046
ACAD	5.1631	166.3	82821.6155
ACAD	9.55	162.0	83330.0809
ACAD	31.2642	140.6	85745.9291
ACAD	26.9469	144.6	85138.6621
ACAD	29.9659	141.7	85483.9154
ACAD	8.8685	162.6	83176.2822
ACAD	18.8912	152.7	84213.6649
ACAD	28.0007	143.6	85206.7938
ACAD	24.0375	147.5	84825.6125
ACAD	9.6125	161.8	83254.8265
ACAD	7.2759	164.2	83036.2758
ACAD	11.7995	159.7	83482.4531
ACAD	13.6163	157.8	83656.8322
ACAD	20.5335	150.9	84354.694
ACAD	13.1367	158.3	83610.4829
ACAD	14.5215	156.9	83743.7618
ACAD	2.0827	169.7	82658.7378
ACAD	19.209	152.3	84208.0068
ACAD	28.0143	143.4	85164.4821
ACAD	20.4302	151.0	84347.2832
ACAD	4.2879	167.3	82810.7901
ACAD	8.6381	162.8	83187.4123
ACAD	30.4363	141.1	85457.4041
ACAD	34.6913	137.8	86386.4013
ACAD	8.2381	163.3	83141.9292
ACAD	24.4458	147.0	84711.1486
ACAD	21.7642	149.7	84452.6253
ACAD	28.6387	142.9	85266.5286
ACAD	22.529	148.9	84502.9184
ACAD	21.2476	150.2	84406.6699
ACAD	34.1277	138.1	86217.992
ACAD	29.3603	142.3	85417.7406
ACAD	46.2588	133.2	91015.0726
ACAD	9.0815	162.4	83213.2448
ACAD	15.6452	155.8	83866.7955
ACAD	14.1206	157.3	83696.5363
ACAD	2.5141	169.1	82639.8709
ACAD	29.9768	141.6	85474.0371
ACAD	11.3167	160.1	83419.5144
ACAD	7.859	163.6	83080.212
ACAD	19.1197	152.3	84249.3155
ACAD	8.9606	162.5	83211.9166
ACAD	20.2839	151.2	84343.7201
ACAD	27.0032	144.7	85126.9837
ACAD	13.9135	157.5	83661.6583
ACAD	25.4774	146.1	84912.951
ACAD	18.3862	153.1	84116.1234
ACAD	24.651	146.8	84770.7538
ACAD	10.3107	161.2	83340.375
ACAD	5.455	166.0	82855.6995
ACAD	11.233	160.2	83410.3892
ACAD	26.4415	145.0	84953.4158
ACAD	37.2049	136.0	86981.0984
ACAD	13.5568	157.9	83626.9359
ACAD	21.3905	150.1	84450.4097
ACAD	18.1275	153.3	84105.3216
ACAD	6.9121	164.5	82995.4169
ACAD	17.2421	154.2	83998.4019
ACAD	15.3139	156.1	83827.2591
ACAD	6.5986	164.9	82981.2833
ACAD	20.8984	150.6	84400.5543
ACAD	27.6169	144.0	85168.4926
ACAD	9.1968	162.3	83230.7062
ACAD	6.8208	164.6	82980.7577
ACAD	29.3921	142.2	85380.7777
ACAD	7.9488	163.5	83087.2758
ACAD	31.521	140.4	85791.4545
ACAD	18.6988	152.8	84136.2763
ACAD	8.3873	163.1	83151.5029
ACAD	19.9717	151.5	84278.5775
ACAD	3.4087	168.1	82678.3086
ACAD	42.3475	133.6	88872.3112
ACAD	40.6476	134.4	88260.3157
ACAD	36.3095	136.6	86758.2655
ACAD	11.2154	160.2	83414.4633
ACAD	21.5428	149.9	84452.7838
ACAD	15.0884	156.4	83821.6776
ACAD	21.0407	150.4	84393.0041
ACAD	42.1349	133.9	88879.1967
ACAD	17.4379	154.0	84006.3531
ACAD	3.3785	168.2	82726.031
ACAD	5.0647	166.4	82855.2869
ACAD	26.2703	145.2	84999.4031
ACAD	18.8991	152.6	84152.405
ACAD	25.6786	145.8	84924.3758
ACAD	12.7556	158.7	83562.5919
ACAD	14.2836	157.2	83697.1834
ACAD	3.941	167.5	82718.3253
ACAD	35.4175	137.0	86408.3985
ACAD	29.1505	142.6	85410.0045
ACAD	4.3936	167.1	82747.7463
ACAD	14.0444	157.4	83758.0508
ACAD	36.1616	136.7	86726.0104
ACAD	5.6361	165.8	82867.0257
ACAD	12.6765	158.8	83591.2201
ACAD	32.9885	139.0	85945.5218
ACAD	9.0528	162.4	83221.9842
ACAD	32.2295	139.7	85836.339
ACAD	13.2654	158.2	83599.1373
ACAD	27.568	144.0	85193.4919
ACAD	7.9188	163.5	83101.1542
ACAD	7.745	163.7	83087.6793
ACAD	32.6206	139.5	86015.1443
ACAD	3.8556	167.7	82755.3136
ACAD	12.319	159.1	83523.8128
ACAD	10.0552	161.4	83291.2625
ACAD	14.2161	157.2	83702.8361
ACAD	25.8821	145.7	84997.1136
ACAD	10.8038	160.7	83369.1917
ACAD	21.6531	149.8	84449.5005
ACAD	18.1676	153.3	84101.1556
ACAD	15.6554	155.8	83834.9403
ACAD	16.412	155.0	83948.4976
ACAD	22.6574	148.8	84558.1862
ACAD	18.4427	153.0	84140.0262
ACAD	38.4204	135.4	87409.6716
ACAD	25.1525	146.3	84847.6686
ACAD	19.2528	152.2	84226.7068
ACAD	12.4754	159.0	83541.2409
ACAD	5.4719	166.0	82851.2569
ACAD	27.7117	143.7	85144.5873
ACAD	25.9173	145.5	84931.708
ACAD	15.3132	156.1	83836.7493
ACAD	29.7638	141.8	85392.5354
ACAD	26.682	144.8	85040.5728
ACAD	28.5263	143.1	85308.2393
ACAD	28.8265	142.7	85282.7522
ACAD	19.3587	152.1	84223.8094
ACAD	13.6659	157.8	83650.0089
ACAD	22.3292	149.1	84546.7452
ACAD	38.2423	135.5	87347.1224
ACAD	8.6075	162.9	83191.3543
ACAD	15.3542	156.1	83811.5348
ACAD	11.9574	159.5	83485.1699
ACAD	8.4631	163.0	83149.9884
ACAD	10.4692	161.0	83342.0786
ACAD	18.121	153.3	84131.573
ACAD	20.7479	150.7	84410.1975
ACAD	18.9293	152.5	84178.1523
ACAD	23.1651	148.3	84667.4944
ACAD	40.09	134.6	87987.6144
ACAD	16.9603	154.5	84008.4242
ACAD	17.6633	153.8	84071.2565
ACAD	23.0744	148.4	84615.7663
ACAD	10.8332	160.6	83389.8318
ACAD	23.7487	147.8	84740.2471
ACAD	8.1328	163.3	83145.1713
ACAD	19.8435	151.6	84248.3445
ACAD	16.1211	155.3	83894.7114
ACAD	14.6466	156.8	83745.2532
ACAD	7.7466	163.7	83083.2874
ACAD	27.1361	144.3	85051.3048
ACAD	4.8249	166.7	82824.8132
ACAD	41.0435	134.2	88411.7756
ACAD	38.5636	135.2	87387.991
ACAD	37.7163	135.8	87193.2594
ACAD	13.4735	158.0	83625.6086
ACAD	15.1968	156.3	83784.3297
ACAD	29.2076	142.5	85414.961
ACAD	30.5831	141.0	85481.2914
ACAD	5.8135	165.6	82900.6654
ACAD	10.6162	160.8	83395.619
ACAD	1.0254	170.4	82424.4017
ACAD	11.0346	160.4	83431.5719
ACAD	1.8868	169.9	82639.9314
ACAD	8.7097	162.8	83162.0862
ACAD	14.3827	157.1	83777.4719
ACAD	4.5718	167.0	82809.3068
ACAD	17.5473	153.9	84035.0399
ACAD	5.4285	166.0	82859.2251
ACAD	22.927	148.6	84645.9683
ACAD	31.4745	140.5	85755.8387
ACAD	5.75	165.7	82877.9633
ACAD	15.7286	155.7	83861.7722
ACAD	26.3523	145.1	84972.7878
ACAD	13.5497	157.9	83640.7775
ACAD	10.3556	161.1	83320.0926
ACAD	11.7068	159.8	83461.9406
ACAD	19.4249	152.0	84227.3652
ACAD	20.8826	150.6	84419.5709
ACAD	23.574	148.0	84708.529
ACAD	2.9543	168.5	82609.576
ACAD	12.6615	158.8	83593.3333
ACAD	11.0444	160.4	83399.8799
ACAD	13.9019	157.6	83738.5547
ACAD	23.2035	148.3	84603.2576
ACAD	24.8041	146.7	84843.283
ACAD	22.2106	149.2	84560.5734
ACAD	9.2283	162.2	83240.4996
ACAD	13.3441	158.1	83659.6445
ACAD	18.6439	152.8	84155.1863
ACAD	15.849	155.6	83853.014
ACAD	12.8784	158.6	83573.8579
ACAD	11.4277	160.0	83462.757
ACAD	23.7119	147.8	84763.403
ACAD	3.5673	167.9	82679.9944
ACAD	12.2174	159.2	83550.0486
ACAD	21.9886	149.5	84506.4935
ACAD	5.3464	166.2	82899.0437
ACAD	7.4418	164.0	83058.0139
ACAD	17.0452	154.4	83978.7059
ACAD	27.6404	143.8	85106.082
ACAD	20.7075	150.8	84354.7911
ACAD	24.0793	147.4	84719.2297
ACAD	29.2891	142.4	85415.8702
ACAD	5.572	165.9	82868.8465
ACAD	14.8508	156.6	83788.2586
ACAD	18.8863	152.7	84262.726
ACAD	18.6419	152.8	84159.9501
ACAD	19.2404	152.2	84229.9168
ACAD	15.5294	155.9	83816.7816
ACAD	11.4755	160.0	83444.2207
ACAD	13.2357	158.2	83608.1598
ACAD	16.8157	154.6	83955.2645
ACAD	11.8227	159.6	83512.2417
ACAD	30.1475	141.5	85497.4412
ACAD	22.7183	148.7	84548.5671
ACAD	6.7858	164.7	83000.9973
OMET	86.5263	398.1	241359.0866
OMET	71.1623	409.9	238103.3827
OMET	70.4779	410.3	237891.8167
OMET	55.6463	425.5	236563.3905
OMET	27.1865	453.6	233436.6058
OMET	45.5588	435.1	235291.305
OMET	62.857	418.2	237177.9318
OMET	65.945	415.2	237597.7442
OMET	69.9307	411.7	238137.5645
OMET	45.3881	435.4	235372.1861
OMET	36.2695	444.4	234283.5967
OMET	43.2103	437.9	235286.7911
OMET	22.5706	458.3	233125.8931
OMET	46.6519	434.0	235266.2479
OMET	32.8176	447.4	233773.2821
OMET	39.1527	441.7	234643.6014
OMET	45.4215	435.4	235267.1842
OMET	60.1958	420.4	236772.3447
OMET	71.7193	409.6	238229.876
OMET	57.4861	424.0	236690.5045
OMET	52.1278	429.1	236120.3686
OMET	83.8853	399.6	240552.0956
OMET	95.3741	392.1	243719.4165
OMET	78.3821	404.5	239676.6767
OMET	58.9328	421.6	236556.8127
OMET	81.0744	401.4	239776.2824
OMET	87.0724	397.7	241504.4189
OMET	114.4397	383.8	250971.5263
OMET	79.7925	402.6	239618.2337
OMET	83.5698	399.7	240392.4149
OMET	46.1345	434.6	235421.9244
OMET	29.9954	450.8	233714.7207
OMET	23.1759	457.7	233134.0785
OMET	68.3067	413.1	237816.0924
OMET	10.4552	470.1	231712.2119
OMET	20.8485	460.1	232901.8138
OMET	68.088	413.4	237990.1006
OMET	119.3085	382.1	252950.0189
OMET	15.722	464.2	231887.7977
OMET	20.7952	460.7	233149.1028
OMET	131.5938	379.6	259171.7975
OMET	31.2376	449.8	234030.3059
OMET	111.0897	385.7	249801.4504
OMET	22.3616	458.4	233006.326
OMET	52.2828	428.9	236253.5291
OMET	54.1544	426.5	236286.7855
OMET	57.6453	423.5	236885.5659
OMET	74.684	407.6	239044.6103
OMET	32.0898	448.6	233875.0328
OMET	16.8689	463.6	232299.9726
OMET	19.6799	460.9	232600.6967
OMET	39.9769	440.8	234707.0862
OMET	32.2064	447.6	233458.1603
OMET	18.9327	462.2	232829.3372
OMET	19.7728	460.8	232622.4347
OMET	68.2417	413.2	237982.1935
OMET	15.3026	465.7	232422.966
OMET	110.0018	385.8	249218.9165
OMET	61.7854	418.6	236760.9446
OMET	10.4212	471.4	232320.1207
OMET	46.3885	434.4	235306.2207
OMET	48.3154	432.7	235608.4401
OMET	105.7121	387.6	247470.2682
OMET	55.7355	425.2	236369.1374
OMET	39.0471	441.8	234757.2397
OMET	51.4153	429.2	235750.1178
OMET	83.281	400.3	240507.7419
OMET	12.749	468.5	232244.87
OMET	78.3354	404.7	239796.8704
OMET	40.8346	439.9	234848.1244
OMET	59.5889	421.4	236971.7393
OMET	76.7932	405.0	238976.9312
OMET	28.3746	452.8	233742.6585
OMET	9.6666	473.1	232712.0142
OMET	14.7267	466.2	232272.0249
OMET	62.3298	418.3	237054.2824
OMET	63.9431	417.4	237607.7302
OMET	59.495	421.5	236782.8133
OMET	87.0239	397.9	241544.048
OMET	13.8495	467.1	232219.0525
OMET	24.0963	455.8	232682.7558
OMET	65.8126	415.6	237731.2227
OMET	95.1896	392.4	243712.5656
OMET	98.7132	389.0	244148.5283
OMET	28.1226	453.2	233839.6461
OMET	23.1969	457.3	232893.8662
OMET	82.5253	401.2	240538.1976
OMET	50.4472	429.7	235619.6587
OMET	21.3029	458.8	232545.9822
OMET	22.7044	458.3	233108.8558
OMET	57.8158	423.4	236958.6852
OMET	42.8981	438.3	235204.0427
OMET	90.3581	395.5	242460.2403
OMET	93.8958	392.7	243083.3799
OMET	52.5235	428.2	236044.9899
OMET	88.5184	396.2	241745.5787
OMET	87.6245	397.3	241699.2692
OMET	56.1469	425.0	236441.8869
OMET	57.7103	423.5	236857.1777
OMET	27.4365	453.3	233420.1427
OMET	29.2817	451.6	233681.7886
OMET	31.2089	450.0	234006.3853
OMET	83.1641	400.8	240701.4903
OMET	62.2314	418.4	236965.5651
OMET	68.7495	412.7	238063.7221
OMET	31.2952	449.3	233801.3943
OMET	37.3857	443.3	234371.667
OMET	13.7753	467.3	232299.9325
OMET	57.8173	423.2	236730.6474
OMET	116.0869	382.7	251326.5962
OMET	27.212	453.5	233392.3749
OMET	22.8555	458.1	233088.6526
OMET	18.6178	462.3	232681.0619
OMET	29.7377	451.3	233793.5324
OMET	57.0131	424.3	236668.7901
OMET	88.9486	396.0	241823.0025
OMET	105.868	386.3	247014.8263
OMET	84.216	399.1	240561.3705
OMET	40.5656	440.0	234612.428
OMET	25.0818	455.6	233174.6257
OMET	105.671	387.6	247519.4823
OMET	96.6049	390.9	243811.4675
OMET	64.9079	416.3	237583.1817
OMET	93.4063	392.9	242882.9724
OMET	59.7622	420.7	236676.2588
OMET	128.8928	380.4	257993.5255
OMET	36.778	443.9	234298.0405
OMET	38.0143	442.8	234507.9022
OMET	36.6885	444.0	234280.0346
OMET	74.2747	408.0	239026.407
OMET	30.0533	450.3	233486.7147
OMET	15.671	464.6	232058.0925
OMET	52.5568	428.0	235928.3137
OMET	57.3406	423.8	236839.2276
OMET	72.8554	409.5	238879.362
OMET	37.7145	443.1	234481.565
OMET	41.9683	439.1	235044.7751
OMET	47.9636	432.8	235524.5936
OMET	105.0735	387.8	247249.809
OMET	42.9933	438.1	235091.9829
OMET	100.5923	388.7	245053.2295
OMET	11.866	469.2	232089.0799
OMET	31.786	449.2	233993.2747
OMET	73.7784	408.4	238908.3331
OMET	43.6001	436.3	234718.4911
OMET	73.6163	408.5	238871.4132
OMET	21.1824	459.8	232944.9527
OMET	48.8542	431.2	235416.7073
OMET	19.2774	461.9	232887.1007
OMET	44.751	435.8	235148.595
OMET	129.7824	379.9	258231.8867
OMET	36.3573	444.1	234196.261
OMET	60.7886	420.0	236992.567
OMET	57.9907	423.2	236645.7381
OMET	69.3634	412.4	238255.878
OMET	67.9055	413.8	238138.8811
OMET	61.3428	419.1	236788.2028
OMET	19.6327	461.5	232847.4169
OMET	121.4264	381.4	253919.4635
OMET	13.4798	467.4	232154.1569
OMET	84.4594	398.7	240467.0522
OMET	65.2603	416.2	237657.0854
OMET	48.5303	432.5	235688.453
OMET	75.1887	406.9	238971.8198
OMET	29.8226	451.0	233750.41
OMET	80.6386	402.3	239979.9352
OMET	80.9788	401.8	239931.2306
OMET	14.7195	466.2	232309.5502
OMET	115.7241	383.7	251625.3982
OMET	103.0902	388.1	246291.3733
OMET	112.2061	384.7	250012.4123
OMET	120.7016	382.0	253808.8253
OMET	111.1335	384.9	249479.9892
OMET	23.431	456.9	232912.8702
OMET	23.9802	456.1	232829.3522
OMET	90.1653	395.8	242385.2657
OMET	25.6372	454.9	233194.5874
OMET	98.5796	390.7	244851.5262
OMET	79.5604	403.3	239840.9782
OMET	25.8777	454.8	233265.6141
OMET	63.6577	417.5	237361.3675
OMET	78.9111	403.9	239766.498
OMET	45.0486	435.7	235172.8986
OMET	17.6712	463.0	232431.1533
OMET	58.2596	421.8	236328.1523
OMET	51.1213	429.6	235730.0204
OMET	109.462	386.1	249004.6579
OMET	132.0939	378.8	259072.2694
OMET	66.5279	414.1	237411.3276
OMET	92.8452	393.9	243061.0714
OMET	48.8538	432.4	235745.0945
OMET	53.0257	427.7	235907.3739
OMET	65.8429	415.4	237509.2916
OMET	75.7949	406.5	239092.1632
OMET	55.6447	425.7	236508.663
OMET	35.3382	444.6	233838.8784
OMET	22.0924	458.6	232910.3842
OMET	32.1285	448.5	233855.0585
OMET	37.0235	443.7	234374.8431
OMET	38.9418	442.1	234883.9797
OMET	38.5586	442.3	234624.0363
OMET	29.1068	452.0	233834.1022
OMET	42.1372	438.8	234988.9972
OMET	41.4206	439.4	234826.9245
OMET	55.3111	425.8	236302.5182
OMET	135.6002	378.7	261112.3944
OMET	95.8369	392.0	243905.5408
OMET	93.26	393.5	243063.5729
OMET	30.4488	450.1	233687.5146
OMET	26.7121	454.7	233676.5819
OMET	86.4605	398.4	241460.9548
OMET	64.1127	417.0	237297.0347
OMET	88.2402	397.1	241905.3752
OMET	83.002	401.1	240745.1004
OMET	109.0651	386.2	248819.7344
OMET	54.2119	426.2	236124.7187
OMET	90.3846	394.7	242054.6804
OMET	39.4401	441.2	234571.2216
OMET	13.3898	467.8	232311.8939
OMET	45.23	435.6	235255.3669
OMET	64.6814	416.5	237376.1772
OMET	56.9685	424.5	236670.0605
OMET	34.6163	446.1	234158.2107
OMET	69.9569	411.5	238211.6643
OMET	63.2485	418.1	237514.4244
OMET	49.9821	430.7	235641.9841
OMET	126.084	380.6	256422.6516
OMET	14.0995	466.7	232181.1945
OMET	58.1314	422.8	236693.6355
OMET	35.2831	445.1	234019.0145
OMET	74.0621	408.1	238899.9934
OMET	45.8752	434.7	235163.2881
OMET	37.3306	443.5	234468.4256
OMET	83.2534	400.5	240637.609
OMET	76.5448	405.1	238950.2958
OMET	73.3259	408.9	238914.0363
OMET	91.8651	394.2	242657.0916
OMET	49.0624	431.2	235391.7821
OMET	28.4519	452.1	233440.191
OMET	74.7175	407.5	238953.9562
OMET	73.34	408.9	238882.1077
OMET	46.1563	434.5	235342.9902
OMET	46.9405	433.5	235345.3239
OMET	127.6076	380.5	257253.5155
OMET	53.2541	427.0	235850.4416
OMET	50.876	429.7	235618.4776
OMET	56.5464	424.6	236423.1234
OMET	55.2619	426.0	236434.7526
OMET	50.1161	430.6	235755.7101
OMET	42.5698	438.5	235147.0671
OMET	43.0935	438.0	235153.7249
OMET	52.4345	428.7	236086.2681
OMET	77.5552	404.9	239447.8262
OMET	76.1763	406.0	239152.8435
OMET	69.5634	411.9	238139.5903
OMET	64.2287	416.6	237329.1171
OMET	47.82	433.0	235434.248
OMET	53.8218	426.9	236017.1749
OMET	73.3211	409.4	239096.7815
OMET	34.1686	446.2	233930.5483
OMET	47.3807	433.4	235390.6353
OMET	43.5575	437.5	235120.524
OMET	26.9531	454.3	233679.8958
OMET	65.7789	415.9	237886.759
OMET	39.6604	441.0	234597.3898
OMET	34.1235	446.8	234161.3143
OMET	114.0662	384.2	250849.3406
OMET	33.6759	446.9	233989.2077
OMET	83.0519	400.9	240708.3502
PARM	22.9179	405.3	207796.5607
PARM	21.0827	406.6	207366.8606
PARM	35.5121	391.4	208448.2119
PARM	81.1514	353.0	216543.9749
PARM	36.6951	390.1	208514.844
PARM	29.5035	398.1	208166.2308
PARM	17.7526	410.6	207382.1019
PARM	101.1998	343.3	223752.3675
PARM	99.3516	344.0	223031.9071
PARM	110.2957	342.3	228654.7962
PARM	65.2749	363.7	212332.2992
PARM	23.2356	404.9	207856.6944
PARM	71.9013	358.3	213772.0927
PARM	32.5418	394.4	208232.1194
PARM	81.161	352.7	216392.5697
PARM	59.3416	368.5	211180.7261
PARM	23.187	405.2	207946.7223
PARM	35.3938	392.7	208986.8393
PARM	63.7	365.1	212143.1263
PARM	16.6932	412.1	207448.5181
PARM	78.2815	354.2	215476.0447
PARM	51.1558	376.9	210524.5085
PARM	63.791	364.8	211986.9966
PARM	62.8937	366.2	212176.958
PARM	66.2244	363.4	212868.8932
PARM	91.1672	347.1	219681.3485
PARM	56.5687	372.6	211566.5051
PARM	54.9569	373.9	211274.1803
PARM	39.7753	388.4	209415.556
PARM	44.4784	382.6	209358.4682
PARM	27.716	400.6	208320.1917
PARM	50.5211	377.0	210154.7903
PARM	42.229	384.6	208976.9585
PARM	85.3779	350.4	217773.2409
PARM	49.9555	378.7	210678.2433
PARM	30.6936	396.3	208050.4822
PARM	78.4528	353.9	215393.3292
PARM	82.2925	352.5	216943.1191
PARM	43.6825	383.7	209423.9366
PARM	40.0864	387.9	209404.8169
PARM	86.772	348.7	217892.3078
PARM	66.2316	362.9	212638.3548
PARM	38.8615	388.9	209164.1136
PARM	41.3548	386.2	209262.62
PARM	34.2009	393.7	208785.7128
PARM	31.8535	395.8	208431.0468
PARM	50.0113	378.3	210515.717
PARM	88.3465	348.0	218335.7409
PARM	51.6022	375.4	210048.8125
PARM	40.4289	386.6	209013.5505
PARM	60.7657	368.3	212028.1062
PARM	34.2638	393.5	208712.7545
PARM	56.7561	372.1	211483.483
PARM	32.1188	395.7	208555.7725
PARM	93.5477	346.4	220684.8714
PARM	12.804	415.9	207046.398
PARM	33.8171	394.2	208769.1189
PARM	38.1574	389.7	209109.4385
PARM	77.7379	355.0	215548.0029
PARM	82.6962	352.1	216981.3408
PARM	74.101	356.4	214069.9469
PARM	27.6731	401.0	208458.3686
PARM	25.5053	403.0	208221.2139
PARM	97.3348	344.3	221921.4242
PARM	56.6031	372.2	211450.2681
PARM	55.3228	373.1	211071.019
PARM	23.3081	404.8	207815.7077
PARM	106.8679	343.1	227035.5976
PARM	76.6602	355.3	214919.8024
PARM	19.1153	409.7	207719.1221
PARM	23.4148	404.1	207520.6865
PARM	94.6059	345.9	221116.4377
PARM	63.6328	366.1	212570.4039
PARM	28.1558	398.8	207779.7822
PARM	39.572	388.8	209558.0101
PARM	53.0919	374.7	210613.7609
PARM	39.9751	388.0	209354.5947
PARM	57.1879	371.5	211484.513
PARM	85.6468	349.4	217520.6637
PARM	23.5132	404.0	207551.1437
PARM	21.406	406.0	207324.4675
PARM	68.7399	360.9	213070.6293
PARM	40.1492	387.2	209138.6515
PARM	108.6099	342.5	227742.6457
PARM	50.4268	378.1	210683.4762
PARM	26.5542	401.2	207951.9981
PARM	19.9948	407.0	206944.0789
PARM	29.9908	397.7	208203.0207
PARM	19.3569	408.3	207200.2882
PARM	62.3589	367.4	212480.8917
PARM	24.4453	403.2	207664.7855
PARM	38.1599	389.7	209101.6515
PARM	45.8652	381.5	209653.7085
PARM	45.7622	382.2	209922.9731
PARM	49.1614	379.1	210371.9581
PARM	25.6791	401.4	207512.0642
PARM	38.1969	389.2	208913.3244
PARM	83.9661	350.8	217239.9028
PARM	62.4386	367.3	212386.1283
PARM	31.774	396.2	208654.9181
PARM	27.9701	400.1	208248.8237
PARM	69.6172	360.1	213203.6402
PARM	62.8162	366.7	212408.7829
PARM	90.346	347.2	219178.793
PARM	32.3906	395.6	208705.9685
PARM	56.3418	373.0	211738.6832
PARM	70.7299	359.5	213608.4083
PARM	68.3845	361.8	213292.4705
PARM	55.2254	373.3	211049.656
PARM	50.0213	378.2	210460.6806
PARM	29.4663	398.3	208245.496
PARM	78.9709	353.6	215602.787
PARM	48.6774	380.2	210606.4117
PARM	59.1889	369.4	211612.6453
PARM	56.4478	372.7	211586.3878
PARM	91.8678	346.8	219974.5688
PARM	96.6533	344.5	221653.6056
PARM	29.1057	398.6	208136.6739
PARM	67.7944	361.9	212949.4311
PARM	75.8274	356.0	214871.2276
PARM	20.7023	406.9	207345.1992
PARM	48.6972	380.2	210593.4408
PARM	49.7948	378.9	210653.7596
PARM	57.674	370.9	211343.8454
PARM	82.3626	352.3	216939.5168
PARM	54.5937	374.2	211200.2447
PARM	30.6747	397.5	208501.0516
PARM	48.2421	380.4	210466.2239
PARM	47.112	380.6	210000.6475
PARM	18.7646	410.0	207646.5105
PARM	17.2667	411.1	207346.7296
PARM	66.9766	362.2	212693.052
PARM	27.5869	401.1	208503.7063
PARM	57.2044	371.5	211417.9431
PARM	95.1516	345.2	221123.4161
PARM	15.5538	412.4	206983.4546
PARM	34.9072	393.0	208914.1834
PARM	61.098	367.5	211792.3206
PARM	73.144	357.2	213794.4056
PARM	68.7094	361.7	213481.6259
PARM	23.6737	403.9	207631.7858
PARM	58.0797	370.1	211278.6906
PARM	62.7554	367.1	212629.1306
PARM	80.189	353.4	216183.4302
PARM	71.753	359.3	214095.2811
PARM	70.6719	359.9	213650.6601
PARM	14.6334	415.4	207875.3154
PARM	64.8972	364.6	212626.6442
PARM	57.55	371.4	211584.7666
PARM	71.8483	359.2	214019.9529
PARM	11.5183	418.5	207567.1365
PARM	15.1229	413.4	207201.2324
PARM	22.5292	405.7	207778.0528
PARM	54.2106	374.5	211237.2949
PARM	55.0309	373.5	211109.911
PARM	82.7092	351.3	216689.0114
PSOA	135.1979	513.6	325349.8696
PSOA	66.2699	581.7	317440.5981
PSOA	128.1788	520.5	324360.1603
PSOA	55.6652	593.1	316797.5919
PSOA	129.3442	520.1	325041.9822
PSOA	89.4182	558.8	319829.4218
PSOA	142.6744	507.5	326906.9019
PSOA	126.1176	521.7	323816.5395
PSOA	144.9271	505.5	327262.6866
PSOA	98.9323	549.3	321000.7475
PSOA	33.3292	614.8	314378.2295
PSOA	68.5713	579.9	318113.0682
PSOA	33.976	614.5	314849.3443
PSOA	20.9438	627.9	313517.5785
PSOA	69.7165	578.8	318066.3934
PSOA	142.5252	507.6	326944.0592
PSOA	60.742	587.5	317255.4412
PSOA	130.0741	518.4	324524.2775
PSOA	46.5876	601.6	315644.4844
PSOA	95.3473	553.8	321322.6303
PSOA	101.2621	547.6	321348.9111
PSOA	32.6453	616.2	314704.7072
PSOA	72.7577	574.3	317625.8595
PSOA	34.3711	613.2	314249.3156
PSOA	111.1399	536.1	321891.4836
PSOA	54.1353	594.0	316382.2047
PSOA	117.8543	531.3	323400.3397
PSOA	107.3895	540.8	321873.0461
PSOA	87.2818	560.4	319316.5516
PSOA	80.2199	568.7	319221.8402
PSOA	40.7843	607.8	315356.988
PSOA	144.3077	505.6	326992.3558
PSOA	115.529	533.6	323008.3896
PSOA	31.5695	616.8	314282.9986
PSOA	30.4689	618.3	314384.6268
PSOA	69.7233	578.1	317747.9245
PSOA	61.3421	587.0	317187.1705
PSOA	55.4268	593.5	316909.1854
PSOA	95.6739	553.3	321028.0878
PSOA	117.2489	532.0	323695.8115
PSOA	96.2576	551.9	321032.3681
PSOA	137.7915	510.9	325490.3367
PSOA	56.2451	591.2	316420.2414
PSOA	108.1978	539.7	321799.9778
PSOA	76.2917	571.6	318400.3163
PSOA	93.5371	555.4	320589.9029
PSOA	29.422	619.1	314184.3206
PSOA	157.0512	494.8	329299.3923
PSOA	114.6752	534.6	323187.7764
PSOA	165.7294	487.7	330944.1477
PSOA	17.2203	631.8	313237.9348
PSOA	158.1571	493.5	329305.1142
PSOA	63.9916	583.4	316940.1664
PSOA	49.9274	597.8	315753.3896
PSOA	145.6095	505.0	327441.8818
PSOA	81.596	566.1	319366.8621
PSOA	100.9226	548.1	321734.1557
PSOA	139.5175	510.4	326270.3709
PSOA	93.6887	555.1	320467.9758
PSOA	12.4929	636.1	312544.0345
PSOA	15.995	631.9	312595.4748
PSOA	29.5635	618.8	314142.2795
PSOA	75.6158	572.2	318404.111
PSOA	131.9183	517.4	325059.0626
PSOA	27.0646	621.4	313915.969
PSOA	121.5093	527.9	324350.6206
PSOA	88.2301	560.1	320091.6472
PSOA	79.6378	568.6	319287.6232
PSOA	104.8729	542.4	321153.5431
PSOA	127.4262	521.4	324692.2649
PSOA	99.9498	548.3	320889.3013
PSOA	106.3108	542.1	322100.3655
PSOA	8.4629	638.8	311535.4811
PSOA	142.612	507.5	326943.0144
PSOA	28.1267	620.4	314097.0447
PSOA	69.3896	579.1	318215.3823
PSOA	51.3174	597.4	316329.5587
PSOA	95.7614	552.3	320609.8508
PSOA	23.8437	624.3	313466.3633
PSOA	95.3581	553.8	321110.7911
PSOA	63.8912	584.1	317266.4471
PSOA	150.9337	499.1	327743.2515
PSOA	91.7906	556.5	320542.4956
PSOA	115.8895	532.4	322941.4213
PSOA	140.4098	509.5	326426.9274
PSOA	139.3673	510.5	326151.9369
PSOA	36.9049	612.0	315270.3877
PSOA	6.2579	660.1	320485.7199
PSOA	136.3424	512.5	325489.5997
PSOA	133.4507	515.1	325075.8302
PSOA	80.6402	567.8	319264.9951
PSOA	30.9276	618.1	314714.1669
PSOA	61.9264	585.2	316622.9151
PSOA	65.5143	582.7	317682.1734
PSOA	129.7348	519.5	324875.378
PSOA	146.7531	502.1	326815.6557
PSOA	125.0059	524.3	324515.8854
PSOA	148.9849	500.4	327336.7805
PSOA	110.6824	538.2	322668.8907
PSOA	147.7022	500.8	326731.695
PSOA	120.2617	528.6	323545.4077
PSOA	13.8458	633.8	312244.2621
PSOA	11.4067	637.4	312532.6022
PSOA	139.7402	510.2	326392.3438
PSOA	63.3878	584.4	317154.6454
PSOA	114.7279	534.5	322853.0532
PSOA	97.8339	550.3	320858.7208
PSOA	122.6539	526.2	324223.5457
PSOA	58.7358	588.7	316432.311
PSOA	58.2042	590.6	317067.1585
PSOA	92.6478	555.8	320530.1713
PSOA	28.6784	619.5	314003.7562
PSOA	153.6457	496.8	328258.3143
PSOA	140.9663	508.9	326404.2476
PSOA	98.7107	549.9	321440.4834
PSOA	35.0378	612.4	314177.1033
PSOA	114.4831	535.2	323192.546
PSOA	109.6476	539.2	322302.4641
PSOA	131.4081	517.6	324759.3068
PSOA	155.3025	496.7	329033.6358
PSOA	74.0367	573.5	318291.5889
PSOA	81.7093	565.2	318679.0079
PSOA	91.0556	557.9	320701.7824
PSOA	60.8816	587.7	317205.9979
PSOA	117.2906	531.7	323553.1747
PSOA	39.3746	609.1	315102.9148
PSOA	137.7909	512.1	326026.2312
PSOA	13.2182	635.2	312565.7952
PSOA	169.6931	483.2	331311.7291
PSOA	169.0443	483.8	331219.8146
PSOA	175.7944	480.3	333456.4782
PSOA	174.6402	480.4	332851.788
PSOA	114.8303	533.7	322756.6346
PSOA	151.9193	498.0	327964.5552
PSOA	155.7798	496.3	329257.7567
PSOA	92.7368	555.6	320275.2063
PSOA	156.8674	495.0	329468.9551
PSOA	100.9762	547.9	321262.0842
PSOA	21.0032	626.6	312911.0383
PSOA	106.3382	541.9	321907.8486
PSOA	125.6527	523.3	324301.9988
PSOA	86.7513	562.1	320051.1157
PSOA	71.8393	576.7	318394.4695
PSOA	70.6887	577.6	318337.2695
PSOA	99.8806	549.2	321511.2297
PSOA	44.3241	604.0	315531.5342
PSOA	91.4405	556.6	319907.8941
PSOA	120.9044	528.4	324024.8462
PSOA	39.3267	609.9	315448.3661
PSOA	121.9066	527.8	324352.6236
PSOA	10.8557	638.3	312672.3389
PSOA	17.4956	630.7	312864.7973
PSOA	80.9638	566.4	318806.9694
PSOA	44.715	603.4	315469.9206
PSOA	59.9069	588.1	316988.8888
PSOA	110.12	538.5	322477.5634
PSOA	74.8779	573.1	318324.8595
PSOA	146.149	504.2	327359.2539
PSOA	93.017	555.5	320402.1246
PSOA	163.825	489.0	330612.0786
PSOA	153.2002	497.3	328234.9621
PSOA	56.8967	590.9	316499.5064
PSOA	67.4174	580.9	317712.0406
PSOA	141.5685	508.6	326622.8446
PSOA	79.0229	569.6	318967.7019
PSOA	141.7704	508.3	326757.3885
PSOA	91.81	556.0	319795.2028
PSOA	125.4687	523.8	324428.2007
PSOA	111.3466	536.2	321876.3433
PSOA	67.5624	580.2	317468.6125
PSOA	61.4479	586.8	317121.8819
PSOA	110.8029	537.1	322003.2703
PSOA	157.1063	494.1	328967.1039
PSOA	135.4917	512.6	324979.8689
PSOA	120.0571	528.8	323742.4245
PSOA	70.4337	578.0	318103.6847
PSOA	91.1725	557.9	320556.6826
PSOA	107.4961	540.6	321940.4904
PSOA	85.1515	563.0	319382.3367
PSOA	83.6829	563.8	318849.1759
PSOA	86.9422	561.0	320032.0684
PSOA	101.8526	547.2	321923.61
PSOA	55.5113	593.3	316875.0079
PSOA	36.9627	610.7	314491.6162
PSOA	66.5137	581.2	317535.1284
PSOA	45.8797	601.7	315354.4614
PSOA	71.5424	576.8	318364.1764
PSOA	37.8209	610.5	314912.972
PSOA	173.4219	483.1	333488.8825
PSOA	103.7672	543.5	321466.8779
PSOA	69.3241	579.8	318325.1048
PSOA	116.8764	532.3	323276.885
PSOA	39.3854	608.6	314917.9811
PSOA	52.2242	596.5	316463.162
PSOA	101.0581	547.8	321612.5595
PSOA	51.2682	597.6	316520.5596
PSOA	163.5676	489.2	330667.5977
PSOA	86.7866	561.2	319706.8893
PSOA	60.8547	587.7	317223.1238
PSOA	69.053	579.8	318465.4711
PSOA	90.7911	558.5	320476.5789
PSOA	159.0113	492.5	329285.0974
PSOA	122.6772	526.0	324015.2826
PSOA	123.5349	524.4	323744.8897
PSOA	12.8271	636.0	312724.167
PSOA	7.2211	647.2	314865.6909
PSOA	19.1107	628.6	312779.9801
PSOA	118.8461	529.7	323500.0785
PSOA	142.1169	508.1	326807.7653
PSOA	57.342	590.7	316885.7937
PSOA	125.5264	523.9	324397.2089
PSOA	55.2007	593.8	316888.5248
PSOA	118.3187	530.9	323359.9548
PSOA	125.5699	523.5	324441.8812
PSOA	59.9028	588.5	317387.9497
PSOA	38.0314	610.0	314762.7954
PSOA	71.5396	577.4	318469.8076
PSOA	163.1512	490.1	330662.9212
PSOA	119.333	529.2	323185.3275
PSOA	122.5992	526.9	324406.7839
PSOA	84.6022	563.3	319271.3764
PSOA	101.0218	547.4	321681.4539
PSOA	120.8679	528.5	324014.9161
PSOA	112.351	535.3	322141.8887
PSOA	47.4362	599.5	315435.8891
PSOA	98.7258	549.7	321259.4341
PSOA	109.1905	539.6	322777.1504
PSOA	41.9344	605.8	315050.4526
PSOA	108.1121	540.2	322185.1444
PSOA	41.3595	606.8	315245.4302
PSOA	93.6453	555.1	320586.7185
PSOA	134.3382	514.3	325136.3022
PSOA	125.5654	523.5	324552.6805
PSOA	109.708	539.0	322397.6057
PSOA	52.3996	596.3	316554.2861
PSOA	94.1365	554.3	320316.7162
PSOA	150.2069	500.0	327737.8488
PSOA	17.3212	631.0	312918.9749
PSOA	85.6416	562.2	319465.5986
PSOA	102.0125	547.3	321812.1956
PSOA	31.816	616.7	314375.619
PSOA	93.7364	554.9	320489.4848
PSOA	114.6455	534.9	323370.7785
PSOA	77.6383	570.5	318710.2212
PSOA	140.1123	510.1	326622.0635
PSOA	20.9925	627.6	313472.4123
PSOA	156.0591	495.5	329103.196
PSOA	115.2762	533.6	323210.5282
PSOA	109.3322	539.2	322495.6654
PSOA	31.1798	617.6	314509.7282
PSOA	117.5509	531.5	323365.3902
PSOA	31.1332	617.5	314562.9177
PSOA	97.477	550.9	320772.5419
PSOA	97.1372	551.2	320936.9887
PSOA	78.5028	570.1	318985.6993
PSOA	142.6167	507.6	326807.9048
PSOA	42.7097	604.5	314926.2492
PSOA	78.5818	569.4	319069.5845
PSOA	117.2207	532.2	323743.2
PSOA	53.7159	594.6	316676.4994
PSOA	102.2917	546.5	321464.3985
PSOA	77.8441	570.3	318884.6372
PSOA	140.9072	509.2	326433.4985
PSOA	175.9507	478.8	332925.5691
PSOA	167.763	487.2	332077.9062
PSOA	143.422	506.1	326518.2846
PSOA	132.5389	516.0	324813.911
PSOA	31.2429	617.5	314452.4538
PSOA	163.8831	488.3	330401.2253
PSOA	79.4191	569.1	319178.7697
PSOA	52.5056	596.0	316394.8677
PSOA	163.2423	489.8	330635.4819
PSOA	21.7476	626.2	313198.7826
PSOA	8.3367	643.1	313514.8178
PSOA	49.146	598.2	315595.4419
PSOA	168.1852	485.5	331442.8527
PSOA	40.7648	607.9	315338.778
PSOA	41.6918	606.7	315450.3886
PSOA	22.8137	625.0	313216.7482
PSOA	88.4232	559.8	319702.5098
PSOA	45.3527	603.0	315606.4445
PSOA	88.9916	559.2	319841.9163
PSOA	44.4663	603.7	315426.0562
PSOA	145.7774	504.6	327232.5069
PSOA	135.1447	513.9	325322.6629
PSOA	120.2319	528.7	323494.0405
PSOA	121.9726	527.3	323948.5518
PSOA	15.3665	632.6	312558.7383
PSOA	145.6451	504.5	327269.7618
PSOA	128.18	520.3	324215.299
PSOA	17.7909	630.0	312689.4652
PSOA	173.6082	482.7	333367.2209
PSOA	128.7904	520.2	324669.8988
PSOA	102.4374	545.3	321251.3596
PSOA	25.5371	623.1	313837.2045
PSOA	163.5422	489.7	330785.8072
PSOA	161.2286	490.9	330132.1908
PSOA	32.7165	615.2	314189.9247
PSOA	58.5239	589.8	317065.904
PSOA	51.7157	596.7	316283.0707
PSOA	88.7053	559.6	320385.2251
PSOA	71.4169	577.2	318547.0182
PSOA	23.9049	623.6	313173.3026
PSOA	160.2157	491.1	329474.6845
PSOA	159.097	492.2	329323.963
PSOA	45.56	602.2	315367.8248
PSOA	91.4021	557.5	320330.3607
PSOA	25.7606	622.1	313557.1079
PSOA	53.1299	595.0	316470.7815
PSOA	69.5908	578.9	318298.3237
PSOA	89.6719	558.7	320082.7735
PSOA	95.3629	553.8	321076.5648
PSOA	27.5908	621.3	314282.062
PSOA	118.6038	530.4	323523.4982
PSOA	122.2198	527.4	323930.6286
PSOA	143.1441	507.4	326989.679
PSOA	96.3412	552.2	320821.0703
PSOA	48.8599	599.2	315914.8946
PSOA	28.1038	620.6	314136.4207
PSOA	146.1731	503.7	327285.2239
PSOA	76.8832	570.9	318389.7133
PSOA	71.8491	575.6	317861.5822
PSOA	71.6575	576.9	318315.8823
WAMS	45.6829	242.6	143016.1654
WAMS	35.4569	252.5	141712.9954
WAMS	11.2131	276.9	139410.4727
WAMS	38.8421	249.2	142179.2623
WAMS	31.7385	256.0	141259.3933
WAMS	53.8576	235.6	144455.1598
WAMS	29.2803	258.6	141051.7143
WAMS	45.882	242.4	143057.2533
WAMS	19.5213	268.2	140086.4673
WAMS	36.0804	251.8	141794.4258
WAMS	3.7576	284.7	138867.7093
WAMS	39.8029	248.0	142170.9509
WAMS	42.5989	245.1	142388.4006
WAMS	5.9805	282.1	138888.5678
WAMS	34.6815	253.0	141561.6914
WAMS	15.4401	272.2	139639.3111
WAMS	46.4383	241.7	143036.7265
WAMS	28.9308	258.9	141091.2911
WAMS	13.6398	273.9	139390.1646
WAMS	8.3869	279.5	139037.1932
WAMS	29.4803	258.4	141072.5591
WAMS	21.3324	266.6	140271.6913
WAMS	36.5412	251.5	141878.6408
WAMS	37.1612	250.7	141816.6903
WAMS	20.0697	267.6	140061.1164
WAMS	5.6839	282.2	138762.7083
WAMS	10.1313	277.6	139137.4756
WAMS	39.2667	248.6	142064.1862
WAMS	36.0112	252.0	141777.5171
WAMS	13.4477	274.3	139469.7242
WAMS	34.11	253.9	141663.8058
WAMS	17.7978	270.0	139901.6462
WAMS	21.1459	266.7	140257.9676
WAMS	31.7247	256.2	141360.7615
WAMS	30.1551	257.6	141070.2929
WAMS	30.493	257.5	141221.1412
WAMS	5.0834	282.8	138697.0137
WAMS	17.2307	270.5	139787.9176
WAMS	19.8205	267.9	140154.5355
WAMS	15.4271	272.4	139662.9577
WAMS	45.8461	242.5	143053.1997
WAMS	6.2825	281.6	138830.37
WAMS	23.8156	264.0	140502.2884
WAMS	5.9833	281.8	138756.4281
WAMS	11.2403	276.6	139268.7995
WAMS	77.1793	224.8	153013.5888
WAMS	53.7251	236.0	144558.6058
WAMS	51.9731	236.5	143775.3711
WAMS	35.9613	252.0	141818.3004
WAMS	49.9777	238.5	143577.3709
WAMS	38.3115	249.7	142032.9099
WAMS	70.1346	227.0	149843.669
WAMS	64.8142	228.8	147551.2394
WAMS	58.2391	232.4	145467.3232
WAMS	9.8841	278.0	139198.5364
WAMS	63.7469	229.3	147212.7579
WAMS	41.4452	246.5	142398.0096
WAMS	43.0682	245.0	142685.6556
WAMS	57.1093	233.4	145309.0185
WAMS	47.2457	240.9	143143.8817
WAMS	45.2502	242.7	142839.6882
WAMS	54.619	235.3	144787.0034
WAMS	24.3621	263.2	140448.0449
WAMS	29.9975	257.9	141202.104
WAMS	56.5007	234.0	145237.7166
WAMS	33.5802	254.2	141486.6849
WAMS	33.3312	254.4	141414.5662
WAMS	55.2373	235.0	144926.9919
WAMS	16.8396	271.1	139892.7592
WAMS	37.9738	249.8	141910.7057
WAMS	9.7478	278.1	139148.8348
WAMS	22.4969	265.3	140359.0112
WAMS	15.2199	272.6	139681.0783
WAMS	56.3041	234.2	145185.0304
WAMS	56.6239	233.8	145214.6586
WAMS	12.5305	275.2	139366.4195
WAMS	39.4678	248.2	142116.5855
WAMS	28.6011	259.3	141002.0513
WAMS	26.6435	261.3	140889.2213
WAMS	29.6813	258.1	141076.0486
WAMS	30.1173	257.7	141191.62
WAMS	36.2305	251.7	141820.4786
WAMS	28.3311	259.5	140958.7638
WAMS	43.9169	244.3	142770.6634
WAMS	22.8751	264.8	140344.1013
WAMS	50.3677	238.3	143697.9493
WAMS	12.467	275.5	139452.2102
WAMS	4.4674	283.6	138738.4132
WAMS	76.5704	225.3	152885.6754
WAMS	44.6729	243.2	142701.9558
WAMS	50.6996	238.1	143836.8109
WAMS	44.3525	243.8	142798.1194
WAMS	16.9396	271.1	139891.6316
WAMS	55.6181	234.6	145002.2572
WAMS	8.0388	279.8	138982.8134
WAMS	23.2876	264.5	140488.8624
WAMS	29.6872	258.2	141074.5003
WAMS	22.1563	265.5	140322.0619
WAMS	21.4594	266.4	140316.8561
WAMS	27.159	260.7	140854.2401
WAMS	32.8626	255.0	141532.2671
WAMS	20.7408	266.9	140141.4029
WAMS	17.117	270.7	139837.5816
WAMS	51.2453	237.7	143967.9663
WAMS	44.412	243.7	142783.9008
WAMS	31.0724	256.7	141139.489
WAMS	18.3203	269.7	140037.7002
WAMS	44.0507	244.2	142871.8571
WAMS	4.9892	283.0	138755.3939
WAMS	57.8032	233.0	145538.3681
WAMS	52.8672	236.2	144203.1182
WAMS	6.9212	281.2	138983.4717
WAMS	36.0987	251.7	141825.2291
WAMS	55.334	234.8	144977.0744
WAMS	40.9717	247.1	142447.7883
WAMS	13.0653	274.8	139520.1167
WAMS	28.8977	259.0	141048.0746
WAMS	43.6681	244.4	142655.0031
WAMS	44.3715	243.7	142807.4817
WAMS	25.004	262.9	140637.746
WAMS	60.4577	231.1	146141.6528
WAMS	22.801	265.0	140409.9692
WAMS	48.8519	239.5	143401.417
WAMS	27.4721	260.5	140919.4882
WAMS	19.2932	268.3	139944.2616
WAMS	20.4952	267.2	140106.8207
WAMS	40.5882	247.2	142234.0116
WAMS	10.4748	277.3	139181.5762
WAMS	54.2712	235.4	144619.6318
WAMS	9.23	278.8	139146.3158
WAMS	53.1903	236.1	144291.5475
WAMS	36.8629	250.9	141836.5166
WAMS	41.5962	246.4	142417.0984
WAMS	11.9009	275.7	139201.6869
WAMS	39.3424	248.5	142118.2609
WAMS	28.1831	259.8	140995.1463
WAMS	32.3628	255.3	141324.1566
WAMS	28.6133	259.2	140986.9482
WAMS	15.7914	272.1	139716.5943
WAMS	30.564	257.3	141124.1854
WAMS	72.9238	226.2	151140.2434
WAMS	44.1219	243.9	142766.7354
WAMS	51.7603	237.5	144153.0249
WAMS	47.7724	240.4	143245.6686
WAMS	49.7434	238.6	143527.7168
WAMS	43.1107	244.8	142545.2559
WAMS	49.1209	239.1	143388.2894
WAMS	8.2658	279.6	138995.3582
WAMS	41.9072	245.9	142393.0795
WAMS	26.7069	261.1	140762.0567
WAMS	51.1262	237.9	144011.777
WAMS	38.9796	249.0	142101.1195
WAMS	38.4788	249.5	142106.475
WAMS	5.4371	282.5	138786.4884
WAMS	50.7905	238.0	143862.3338
WAMS	67.3295	227.9	148626.7424
WAMS	23.8106	264.1	140645.7589
WAMS	6.6259	281.3	138882.1421
WAMS	12.4507	275.5	139483.5208
WAMS	29.589	258.3	141107.4933
WAMS	21.8579	265.8	140304.4923
WAMS	22.2402	265.4	140247.582
WAMS	66.8261	228.3	148489.5275
WAMS	15.2028	272.8	139778.0582
WAMS	32.5242	255.1	141311.0805
WAMS	25.0469	262.7	140593.2466
WAMS	26.4172	261.4	140877.6899
WAMS	13.2814	274.6	139506.8035
WAMS	44.4009	243.8	142783.9937
WAMS	18.6499	269.2	140000.3894
WAMS	29.8039	258.0	141198.777
WAMS	26.8788	260.8	140693.9146
WAMS	14.3461	273.6	139616.4864
WAMS	21.6716	266.1	140265.2349
WAMS	17.0227	271.0	139929.7635
WAMS	37.2944	250.6	141926.7544
WAMS	38.4995	249.4	142093.5891
WAMS	6.4175	281.4	138781.9021
WAMS	38.5371	249.4	141994.4525
WAMS	7.0504	281.1	139042.7804
WAMS	18.008	269.9	139960.1431
WAMS	9.9921	277.9	139183.1594
WAMS	24.5979	263.1	140488.5641
WAMS	14.804	273.0	139602.1962
WAMS	15.432	272.3	139640.4139
WAMS	29.8013	258.0	141230.6964
WAMS	14.1872	273.7	139566.6663
WAMS	34.1349	253.5	141407.1514
WAMS	16.0331	271.6	139642.2873
WAMS	30.8054	257.1	141220.2152
WAMS	16.4776	271.2	139686.4919
WAMS	18.9128	268.9	139993.8661
WAMS	72.4589	226.5	151020.0921
WAMS	70.4882	226.9	149988.3988
WAMS	57.0542	233.6	145358.3429
WAMS	30.9146	257.0	141348.7724
WAMS	9.3243	278.3	139030.435
WAMS	25.8194	261.8	140683.7169
WAMS	3.042	286.3	139197.9675
WAMS	4.021	283.8	138544.2934
WAMS	3.1471	285.0	138657.7859
WAMS	4.5917	283.4	138703.7378
WAMS	37.4866	250.4	141949.5882
WAMS	9.32	278.6	139120.8739
WAMS	41.9048	246.2	142551.2222
WAMS	33.7785	254.1	141596.1412
WAMS	36.741	251.1	141899.1753
WAMS	10.7147	277.0	139173.6264
WAMS	3.9811	283.9	138602.9256
WAMS	8.5977	279.2	139034.579
WAMS	29.2313	258.7	141064.3664
WAMS	28.5572	259.4	140970.5862
WAMS	55.7575	234.4	144990.1819
WAMS	18.0166	269.8	139962.5098
WAMS	41.2122	246.9	142349.716
WAMS	75.5828	225.4	152314.3472
WAMS	59.7082	231.8	146046.0869
WAMS	54.7346	235.1	144739.78
WAMS	35.6464	252.3	141798.7295
WAMS	20.2277	267.4	140074.5944
WAMS	41.0715	247.0	142433.8273
WAMS	28.7597	259.1	141071.8957
WAMS	55.6403	234.5	144972.7948
WAMS	17.3573	270.2	139778.066
WAMS	55.9246	234.3	145083.8826
WAMS	74.99	225.5	152043.6481
WAMS	33.207	254.7	141520.6688
WAMS	69.4132	227.2	149494.433
WAMS	7.6965	280.0	138864.8065
WAMS	72.8638	226.4	151190.9576
WAMS	72.9678	226.0	151055.8117
WAMS	70.9821	226.6	150166.0084
WAMS	13.0994	274.8	139476.911
WAMS	10.1093	277.7	139150.6987
WAMS	66.8158	228.3	148508.3605
WAMS	29.1225	258.8	141064.1281
WAMS	7.1345	280.9	138985.3009
WAMS	35.0904	252.6	141638.39
WAMS	60.9954	230.9	146355.87
WAMS	19.0558	268.7	139966.6248
WAMS	22.8051	264.9	140371.0521
WAMS	21.8447	265.9	140313.9255
WAMS	11.6538	276.1	139247.2264
WAMS	16.0195	272.0	139818.322
WAMS	15.7757	272.1	139742.5129
WAMS	67.0033	228.2	148560.8327
WAMS	24.0772	263.6	140559.4243
WAMS	41.6123	246.3	142458.8059
WAMS	43.3511	244.6	142577.4769
WAMS	38.3168	249.6	142022.5786
WAMS	18.3901	269.5	139989.054
WAMS	32.2644	255.4	141249.792
WAMS	13.0787	274.9	139516.9501
WAMS	25.4999	262.5	140749.5737
WAMS	24.0402	263.8	140637.0496
WAMS	48.7954	240.0	143597.8205
WAMS	42.4932	245.5	142478.2499
WAMS	15.2313	272.5	139635.7334
WAMS	47.7198	240.8	143383.974
WAMS	35.2369	252.6	141633.9035
WAMS	21.0888	266.8	140274.2262
WAMS	34.5128	253.4	141622.347
WAMS	79.0338	224.3	153865.4689
WAMS	68.8396	227.4	149277.9912
WAMS	76.9083	225.2	153053.7814
WAMS	8.9476	278.9	139061.1033
WAMS	36.5033	251.5	141903.5972
WAMS	55.9875	234.3	145022.8237
WAMS	49.9805	238.4	143556.1459
WAMS	14.6964	273.1	139594.2607
WAMS	32.0942	255.6	141222.8318
WAMS	45.2145	242.8	142844.7973
WAMS	30.084	257.8	141214.0687
WAMS	8.5075	279.4	139060.3237
WAMS	37.6829	250.3	141957.8137
WAMS	9.2052	278.8	139152.4651
WAMS	38.5007	249.5	142052.7846
WAMS	23.2839	264.7	140522.7733
WAMS	18.5022	269.3	139999.8964
WAMS	14.5243	273.3	139607.5527
WAMS	21.3024	266.5	140319.2124
WAMS	29.1651	258.7	141114.0449
WAMS	7.405	280.3	138832.243
WAMS	57.9111	232.8	145451.2609
WAMS	16.2889	271.5	139796.0366
WAMS	34.6414	253.1	141538.2673
WAMS	32.8788	254.8	141386.9595
WAMS	31.2498	256.3	141201.5819
WAMS	18.4119	269.4	139983.2708
WAMS	25.5078	262.2	140672.4602
WAMS	23.5713	264.2	140500.1766
WAMS	35.9187	252.1	141971.1275
WAMS	19.6894	268.0	140052.2857
WAMS	45.824	242.5	143077.9745
WAMS	60.8736	231.0	146376.7153
WAMS	40.2893	247.3	142064.083
WAMS	51.8526	237.4	144184.8224
WAMS	26.4519	261.4	140827.8398
WAMS	30.9927	256.7	141261.0335
WAMS	25.1254	262.6	140680.2529
WAMS	50.4645	238.2	143756.4904
WAMS	25.7427	261.9	140700.7504
WAMS	36.5653	251.2	141832.6554
WAMS	48.5161	240.1	143552.5345
WAMS	23.2336	264.7	140571.0741
WAMS	17.0971	270.8	139928.3835
WAMS	41.1008	247.0	142394.9855
WAMS	24.7545	263.0	140612.344
WAMS	18.7374	269.0	139943.6304
WAMS	42.5013	245.4	142489.8554
WAMS	21.2574	266.6	140271.8123
WAMS	29.4281	258.5	141080.8399
WAMS	42.2455	245.8	142499.6303
WAMS	13.0556	275.0	139534.3682
WAMS	36.0913	251.9	141791.2911
WAMS	35.5124	252.4	141746.0255
WAMS	39.1085	248.7	142020.6311
WAMS	40.2513	247.7	142289.9186
WAMS	33.3556	254.3	141372.1594
WAMS	81.4984	223.6	155007.327
WAMS	81.3044	224.2	155197.9274
WAMS	68.253	227.8	149143.1685
WAMS	68.6892	227.6	149284.7831
WAMS	78.0217	224.4	153363.6449
WAMS	44.5348	243.4	142718.0899
WAMS	65.7694	228.4	147953.4755
WAMS	17.1735	270.5	139807.6557
WAMS	20.0987	267.5	140101.8303
WAMS	38.6073	249.3	142096.1281
WAMS	34.5878	253.4	141604.5676
WAMS	37.8642	250.0	142036.584
WAMS	41.3239	246.7	142418.2548
WAMS	26.0146	261.6	140661.7466
WAMS	42.4004	245.7	142558.6982
WAMS	35.3286	252.5	141791.9703
WAMS	29.3803	258.4	141082.8275
WAMS	27.3184	260.6	140987.3833
WAMS	18.3796	269.6	140009.0543
WAMS	42.3545	245.7	142606.9933
WAMS	46.9263	241.4	143165.522
WAMS	60.4107	231.3	146223.3555
WAMS	62.7077	229.8	146880.0002
WAMS	30.6848	257.1	141233.0529
WAMS	28.0092	259.9	140929.0238
WAMS	45.8916	242.1	142949.8869
WAMS	37.7997	250.2	142029.0822
WAMS	31.9311	255.8	141303.3346
WAMS	48.1044	240.3	143411.4489
WAMS	57.7254	233.1	145514.547
WAMS	58.7615	232.2	145657.5733
WAMS	23.5997	264.3	140492.2631
WAMS	59.06	232.0	145769.0413
WAMS	7.3376	280.4	138829.9473
WAMS	27.5738	260.1	140869.594
WAMS	9.6443	278.2	139183.1184
WAMS	22.6275	265.2	140372.8074
WAMS	34.0012	254.0	141646.9174
WAMS	11.4357	276.2	139196.7506
WAMS	25.7228	262.0	140685.2954
WAMS	51.418	237.6	143984.0443
WAMS	28.0206	259.8	141025.591
WAMS	26.792	261.0	140758.3479
WAMS	46.4428	241.7	142996.5447
WAMS	49.0111	239.4	143456.4211
WAMS	4.742	283.2	138687.4451
WAMS	74.4138	225.7	151779.6477
WAMS	65.7358	228.5	147951.8367
WAMS	63.3138	229.7	147162.6428
WAMS	64.3993	229.0	147444.2192
WAMS	73.1592	225.9	151125.9465
WAMS	62.2337	230.2	146764.4108
WAMS	61.1196	230.8	146395.9994
WAMS	59.9582	231.4	146001.74
WAMS	13.435	274.5	139535.5351
WAMS	7.2653	280.8	139023.2451
WAMS	15.3837	272.4	139724.8215
WAMS	35.4839	252.4	141789.5913
WAMS	17.1616	270.6	139828.0262
WAMS	61.9647	230.4	146682.0587
WAMS	48.1764	240.2	143324.0806
WAMS	57.4513	233.2	145403.4332
WAMS	4.526	283.5	138709.9058
WAMS	46.1282	242.0	142970.2755
WAMS	5.3076	282.7	138799.6272
WMET	45.1937	133.0	90273.163
WMET	33.3282	138.0	85671.2705
WMET	23.8805	146.0	84011.5551
WMET	22.9592	146.8	83868.8593
WMET	27.0403	142.9	84365.9099
WMET	33.7287	137.4	85581.5674
WMET	6.2777	163.5	82145.8482
WMET	21.2059	148.6	83659.5805
WMET	4.8439	165.0	82030.4331
WMET	5.2936	164.6	82099.5259
WMET	3.4552	166.4	81865.0796
WMET	43.6241	133.1	89350.6866
WMET	39.8053	134.3	87677.881
WMET	41.0746	134.1	88326.9266
WMET	38.6766	134.7	87193.8509
WMET	19.9373	149.9	83497.7092
WMET	35.8509	136.3	86311.2573
WMET	12.3982	157.5	82778.1857
WMET	4.7031	165.1	81984.877
WMET	5.3108	164.6	82083.8748
WMET	15.4686	154.4	83037.5474
WMET	19.425	150.4	83450.3464
WMET	38.2302	135.1	87137.421
WMET	37.7956	135.3	86992.513
WMET	11.7503	158.0	82674.1229
WMET	6.4156	163.4	82168.7322
WMET	3.9731	165.8	81914.7624
WMET	31.9224	138.9	85295.3534
WMET	5.7205	164.1	82092.7064
WMET	33.4505	137.6	85573.1078
WMET	31.5194	139.1	85167.3597
WMET	4.2733	165.5	81942.4095
WMET	51.3806	131.0	93000.3494
WMET	50.2144	131.3	92423.7931
WMET	48.1404	132.0	91545.168
WMET	49.4811	131.5	92110.9803
WMET	49.1415	131.9	92123.3373
WMET	47.8539	132.2	91474.2407
WMET	14.392	155.4	82925.3323
WMET	13.8906	156.0	82892.9494
WMET	18.4503	151.3	83415.9133
WMET	18.6461	151.2	83405.9709
WMET	3.0572	166.9	81896.2294
WMET	35.1971	136.5	86061.2036
WMET	42.1593	133.7	88804.7778
WMET	41.4938	133.8	88458.7096
WMET	11.4699	158.4	82668.0419
WMET	15.5428	154.3	83028.1409
WMET	34.931	136.6	85925.6061
WMET	34.2535	137.3	85877.6338
WMET	13.5043	156.3	82876.9279
WMET	3.5229	166.3	81905.8005
WMET	18.0972	151.8	83332.7666
WMET	12.792	157.0	82794.2083
WMET	23.9831	146.0	84008.9506
WMET	20.3866	149.4	83534.2287
WMET	19.2738	150.6	83500.2823
WMET	23.0421	146.8	83830.2979
WMET	28.0062	142.0	84481.7966
WMET	17.9245	151.9	83295.9755
WMET	10.8587	159.0	82626.7311
WMET	18.9872	150.8	83412.7987
WMET	10.0186	159.9	82565.3454
WMET	16.56	153.3	83193.4189
WMET	6.0531	163.8	82132.2946
WMET	22.5227	147.3	83813.4338
WMET	19.3064	150.5	83445.9931
WMET	10.2428	159.6	82523.3117
WMET	17.8047	152.0	83313.6322
WMET	10.5866	159.2	82573.4003
WMET	13.86	156.0	82916.7318
WMET	16.9126	153.0	83217.5435
WMET	4.9768	164.8	82015.7872
WMET	15.9067	153.9	83117.1296
WMET	9.2065	160.6	82435.6647
WMET	13.8695	156.0	82898.1671
WMET	5.5868	164.3	82137.3144
WMET	10.6268	159.2	82558.1759
WMET	29.5144	140.8	84776.5509
WMET	37.2586	135.7	86835.4655
WMET	26.4479	143.5	84262.7941
WMET	25.8166	144.1	84152.5913
WMET	14.5463	155.3	82969.2588
WMET	27.6905	142.5	84510.4974
WMET	19.4114	150.4	83457.738
WMET	18.1628	151.6	83363.9279
WMET	8.2346	161.6	82316.6048
WMET	24.0313	145.9	83971.9033
WMET	15.4037	154.4	83079.5004
WMET	10.891	159.0	82617.8885
WMET	10.1397	159.7	82573.2661
WMET	12.1061	157.7	82719.5315
WMET	24.8585	145.0	84079.039
WMET	8.9254	160.9	82400.7739
WMET	22.7931	147.1	83791.8629
WMET	20.299	149.5	83527.2993
WMET	13.0317	156.8	82806.2686
WMET	7.8257	162.0	82297.2443
WMET	24.5532	145.3	84027.0077
WMET	3.6314	166.2	81892.94
WMET	8.5305	161.4	82438.6038
WMET	6.7824	163.0	82193.9328
WMET	28.5186	141.7	84623.4213
WMET	23.3373	146.5	83904.3657
WMET	26.2273	143.8	84257.5019
WMET	29.8275	140.3	84744.5168
WMET	26.995	143.0	84362.3177
WMET	10.045	159.8	82548.3105
WMET	14.8278	155.0	82996.6186
WMET	20.578	149.2	83574.3786
WMET	21.3312	148.5	83681.5523
WMET	21.0378	148.8	83611.3053
WMET	27.7083	142.2	84414.9361
WMET	43.3483	133.3	89271.0302
WMET	34.7081	136.7	85840.5373
WMET	37.343	135.4	86760.5174
WMET	19.372	150.4	83472.7889
WMET	12.4903	157.4	82788.1216
WMET	9.4344	160.4	82437.0302
WMET	15.7394	154.1	83087.3818
WMET	31.1986	139.5	85171.9493
WMET	18.9265	150.9	83450.4067
WMET	47.0736	132.3	91025.7213
WMET	16.1487	153.7	83138.819
WMET	24.5872	145.2	84026.0865
WMET	18.2086	151.6	83339.862
WMET	19.7181	150.1	83505.9505
WMET	9.0937	160.8	82474.7027
WMET	3.8093	166.0	81916.8882
WMET	2.791	167.2	81896.1614
WMET	7.5112	162.3	82247.1567
WMET	36.3765	136.1	86538.0982
WMET	33.6732	137.5	85643.5357
WMET	14.9088	154.9	83019.9949
WMET	1.5931	169.3	82191.2081
WMET	22.2999	147.6	83787.7023
WMET	10.3991	159.5	82597.9451
WMET	12.3675	157.5	82818.4203
WMET	13.4594	156.4	82883.65
WMET	19.1489	150.7	83440.9896
WMET	12.5586	157.3	82777.8886
WMET	5.608	164.2	82102.843
WMET	6.1478	163.6	82120.4196
WMET	22.9842	146.8	83837.6394
WMET	3.1352	166.8	81896.2034
WMET	32.3492	138.5	85333.3876
WMET	26.3182	143.6	84293.288
WMET	39.703	134.6	87742.9531
WMET	24.8698	144.9	84020.4773
WMET	30.8874	139.6	85030.3602
WMET	13.3225	156.5	82818.418
WMET	34.4005	137.2	85879.3324
WMET	33.0763	138.1	85574.5124
WMET	30.2754	140.0	84857.1952
WMET	21.8899	148.0	83696.3724
WMET	36.1592	136.2	86425.6027
WMET	23.6862	146.1	83890.6119
WMET	10.0749	159.8	82547.1232
WMET	10.5025	159.4	82604.8678
WMET	24.1766	145.6	83992.1141
WMET	22.8827	146.9	83830.1745
WMET	24.8556	145.0	84102.7666
WMET	21.5491	148.3	83669.2302
WMET	24.497	145.4	84040.7173
WMET	22.0518	147.8	83733.5286
WMET	18.7357	151.1	83435.9942
WMET	5.5953	164.3	82110.1162
WMET	45.7013	132.7	90410.2061
WMET	34.5013	137.1	85933.1513
WMET	35.834	136.3	86328.8424
WMET	22.375	147.4	83779.7877
WMET	25.473	144.4	84117.9476
WMET	5.66	164.2	82099.3786
WMET	45.2227	132.9	90195.9383
WMET	21.6653	148.1	83711.653
WMET	25.9049	144.0	84204.6156
WMET	2.8114	167.0	81795.9714
WMET	18.9153	150.9	83452.4756
WMET	17.9148	151.9	83319.5448
WMET	16.9117	153.0	83255.8617
WMET	9.6648	160.1	82467.0774
WMET	18.4428	151.4	83375.4129
WMET	13.9941	155.9	82930.4343
WMET	7.3871	162.4	82246.6067
WMET	7.9354	161.9	82309.528
WMET	11.9453	157.9	82750.0082
WMET	15.6174	154.2	83047.0135
WMET	5.953	163.9	82115.0807
WMET	25.2809	144.6	84107.2851
WMET	11.0673	158.8	82624.9757
WMET	2.11	167.7	81756.5501
WMET	23.6283	146.2	83888.6655
WMET	32.2211	138.8	85367.2068
WMET	31.3962	139.4	85197.7369
WMET	25.1645	144.8	84122.3926
WMET	11.265	158.5	82659.448
WMET	25.6166	144.3	84169.9169
WMET	20.1932	149.7	83636.0734
WMET	10.2113	159.6	82556.5748
WMET	30.9001	139.7	85025.5033
WMET	29.5184	140.7	84727.0386
WMET	2.1919	167.6	81738.4174
WMET	16.0891	153.8	83137.0372
WMET	5.4026	164.5	82098.9167
WMET	20.0346	149.8	83502.3325
WMET	14.6296	155.2	82972.2034
WMET	23.2082	146.6	83853.7658
WMET	13.5527	156.2	82867.4972
WMET	8.5654	161.2	82354.4504
WMET	17.5419	152.3	83275.5894
WMET	20.8472	149.0	83646.3331
WMET	5.4175	164.4	82073.9201
WMET	16.2761	153.5	83104.9688
WMET	11.4706	158.3	82628.2176
WMET	10.5169	159.3	82585.0309
WMET	28.1526	141.8	84437.2213
WMET	9.3221	160.5	82492.1282
WMET	23.4889	146.4	83965.6123
WMET	14.8551	155.0	82995.5645
WMET	26.7834	143.1	84288.2765
WMET	4.4772	165.4	81989.0724
WMET	28.7549	141.5	84661.4712
WMET	16.3786	153.4	83113.7413
WMET	10.0209	159.9	82552.0899
WMET	24.0197	145.9	84034.1192
WMET	21.6724	148.1	83681.1134
WMET	3.7757	166.1	81954.8463
WMET	18.3181	151.5	83373.8484
WMET	10.0135	159.9	82581.6454
WMET	16.9537	152.9	83230.6659
WMET	11.7097	158.2	82709.327
WMET	29.3886	141.0	84764.4345
WMET	12.0442	157.8	82723.8283
WMET	8.0056	161.8	82309.4063
WMET	15.2212	154.7	83042.018
WMET	2.3776	167.4	81760.0469
WMET	4.2101	165.6	81937.7736
WMET	8.1792	161.6	82346.0673
WMET	11.1946	158.6	82659.0976
WMET	25.2176	144.7	84133.9684
WMET	12.9278	156.9	82796.8792
WMET	17.1978	152.6	83221.9317
WMET	29.4401	140.9	84797.4572
WMET	7.093	162.7	82224.3667
WMET	6.6338	163.2	82189.7882
WMET	5.1039	164.7	82026.2584
WMET	42.4019	133.4	88778.7702
WMET	10.143	159.7	82559.1924
WMET	20.2329	149.6	83538.3256
WMET	18.2029	151.7	83356.9411
WMET	7.1686	162.6	82214.2671
WMET	27.2899	142.6	84371.6178
WMET	26.6761	143.4	84341.2469
WMET	30.1694	140.2	84865.5956
WMET	24.303	145.5	83957.068
WMET	12.6568	157.1	82763.0632
WMET	20.9422	148.9	83603.0889
WMET	7.5761	162.2	82253.0106
WMET	11.3611	158.5	82650.7468
WMET	14.7051	155.1	82993.1614
WMET	9.7974	160.0	82466.1022
WMET	22.0853	147.7	83698.451
WMET	14.2034	155.6	82902.1123
WMET	25.9489	143.9	84180.4712
WMET	41.1019	134.0	88321.7265
WMET	40.1977	134.2	87823.2332
WMET	17.3658	152.4	83237.3099
WMET	13.7133	156.1	82874.5091
WMET	4.5843	165.2	81965.5583
WMET	22.0367	147.8	83737.5046
WMET	3.2489	166.5	81845.5413
WMET	22.8748	147.0	83866.71
WMET	18.7515	151.0	83326.1288
WMET	20.6709	149.2	83565.4492
WMET	19.7727	150.1	83476.9913
WMET	11.4553	158.4	82673.0184
WMET	16.2678	153.6	83130.3155
WMET	28.9478	141.1	84616.0594
WMET	29.7968	140.6	84805.9414
WMET	36.4451	136.0	86524.0863
WMET	36.6078	135.8	86551.0213
WMET	3.1521	166.6	81836.018
WMET	10.1446	159.7	82539.9367
WMET	11.0701	158.7	82597.9506
WMET	9.13	160.7	82438.1506
WMET	11.7411	158.1	82672.6475
WMET	17.1388	152.7	83279.7029
WMET	15.9479	153.9	83093.4486
WMET	15.2725	154.5	83013.5844
WMET	13.5077	156.3	82855.9
WMET	16.6963	153.1	83157.8636
WMET	14.5484	155.2	83005.3721
WMET	9.4001	160.4	82437.6242
WMET	20.4979	149.3	83628.2262
WMET	11.3517	158.5	82659.3779
WMET	20.9533	148.8	83618.2748
WMET	16.685	153.2	83220.1027
WMET	12.212	157.6	82733.1532
WMET	2.7941	167.1	81871.6388
WMET	8.3049	161.5	82361.8253
WMET	13.1744	156.7	82833.382
WMET	15.1828	154.7	83050.654
WMET	7.3718	162.5	82276.0703
WMET	3.1257	166.8	81899.8751
WMET	17.2849	152.5	83255.8751
WMET	6.5946	163.3	82243.3279
WMET	13.9838	155.9	82944.2169
WMET	6.922	162.9	82212.9286
WMET	21.1134	148.7	83667.3601
WMET	14.0775	155.7	82896.4238
WMET	5.8306	164.0	82129.7074
WMET	28.8014	141.3	84608.6431
WMET	13.8571	156.0	82919.8599
WMET	20.7514	149.1	83662.8829
WMET	10.701	159.1	82564.9413
WMET	13.2166	156.6	82832.7873
WMET	14.9908	154.8	82989.6742
WMET	15.7744	154.0	83080.6341
WMET	25.7435	144.2	84205.8368
WMET	12.5919	157.2	82756.8045
WMET	18.5561	151.3	83363.9639
WMET	19.5706	150.2	83486.3534
WMET	26.3471	143.7	84278.8613
WMET	31.2507	139.5	85157.7332
WMET	2.5603	167.3	81823.2184
WMET	4.1467	165.7	81947.2058
WMET	32.6739	138.4	85483.8139
WMET	18.5063	151.3	83392.9509
WMET	20.2965	149.5	83527.3631
WMET	17.3297	152.5	83245.0071
WMET	27.6579	142.5	84516.9207
WMET	13.4437	156.4	82907.3357
WMET	8.7556	161.0	82373.7708
WMET	28.7274	141.6	84666.751
WMET	19.7611	150.1	83483.7742
WMET	15.9343	153.9	83113.3827
WMET	8.1184	161.7	82344.5226
WMET	6.6522	163.1	82167.8787
WMET	21.4156	148.4	83670.7177
WMET	18.9736	150.9	83416.3498
WMET	17.6642	152.1	83242.5439
WMET	18.2079	151.7	83354.9931
WMET	21.0251	148.8	83613.5647
WMET	12.4773	157.4	82792.4182
WMET	1.8745	168.0	81747.8948
WMET	16.035	153.8	83176.6236
WMET	17.1887	152.7	83260.7194
WMET	4.5773	165.2	81982.3091
WMET	5.1033	164.7	82031.1233
WMET	12.0813	157.8	82715.2818
WMET	26.1752	143.8	84260.4669
WMET	17.0343	152.8	83208.966
WMET	7.1255	162.7	82213.0392
WMET	23.5021	146.3	83882.7062
WMET	23.0576	146.7	83821.7741
WMET	24.0608	145.7	83955.4616
WMET	30.8367	139.7	85027.1689
WMET	29.7185	140.6	84835.9541
WMET	10.9551	158.9	82613.7883
WMET	6.2987	163.5	82131.7164
WMET	6.9775	162.8	82204.7959
WMET	9.5733	160.2	82489.0356
WMET	13.4666	156.4	82878.6032
WMET	14.2997	155.5	82953.9965
WMET	26.6891	143.2	84325.1316
