config	inst	time	count	best	spr	hv	gd	
nsga05k2x	I0	72217	58	0.0273	0.6679	0.4798	0.0095	
nsga05k2x	I0	70633	49	0.0273	0.7128	0.5157	0.0081	
nsga05k2x	I0	72793	47	0.0364	0.7069	0.5180	0.0091	
nsga05k2x	I0	72616	46	0.0364	0.6650	0.5117	0.0073	
nsga05k2x	I0	72059	43	0.0545	0.6775	0.5115	0.0067	
nsga05k2x	I0	72412	63	0.0000	0.6920	0.4686	0.0104	
nsga05k2x	I0	73032	56	0.0182	0.6552	0.5096	0.0076	
nsga05k2x	I0	72105	65	0.0000	0.6426	0.4769	0.0112	
nsga05k2x	I0	72346	57	0.0000	0.7377	0.4775	0.0099	
nsga05k2x	I0	73140	43	0.0000	0.6752	0.4716	0.0131	
nsga05k2x	I0	72626	58	0.0273	0.6792	0.5066	0.0080	
nsga05k2x	I0	72076	59	0.0000	0.6644	0.4767	0.0093	
nsga05k2x	I0	72125	49	0.0909	0.6460	0.5334	0.0064	
nsga05k2x	I0	71656	57	0.0182	0.7050	0.4828	0.0140	
nsga05k2x	I0	67392	45	0.0727	0.6048	0.5140	0.0074	
nsga05k2x	I0	60069	51	0.0545	0.7178	0.5107	0.0070	
nsga05k2x	I0	60114	53	0.0091	0.6421	0.4883	0.0086	
nsga05k2x	I0	60370	73	0.0091	0.5767	0.4786	0.0079	
nsga05k2x	I0	59805	62	0.0273	0.7129	0.5069	0.0079	
nsga05k2x	I0	60698	48	0.0000	0.6372	0.4968	0.0072	
nsga05k2x	I0	60028	50	0.0000	0.8567	0.4859	0.0179	
nsga05k2x	I0	60793	48	0.0273	0.6289	0.5065	0.0089	
nsga05k2x	I0	59933	61	0.0091	0.6024	0.4897	0.0083	
nsga05k2x	I0	60261	50	0.0273	0.5505	0.5038	0.0072	
nsga05k2x	I0	60054	46	0.0182	0.6346	0.5039	0.0079	
nsga05k2x	I0	60788	49	0.0182	0.7109	0.4950	0.0104	
nsga05k2x	I0	60318	51	0.0273	0.6255	0.4945	0.0074	
nsga05k2x	I0	59942	55	0.0000	0.6022	0.4765	0.0095	
nsga05k2x	I0	60607	54	0.0364	0.6142	0.4947	0.0093	
nsga05k2x	I0	59051	59	0.0182	0.6292	0.4895	0.0074	
nsga05k2x	I0	57529	55	0.0000	0.6002	0.4719	0.0110	
nsga05k2x	I0	57824	63	0.0000	0.6095	0.4948	0.0075	
nsga05k2x	I0	58172	52	0.0000	0.5982	0.4767	0.0119	
nsga05k2x	I0	57855	54	0.0455	0.6410	0.5078	0.0087	
nsga05k2x	I0	57873	49	0.0455	0.6279	0.4945	0.0112	
nsga05k2x	I0	58241	71	0.0273	0.5594	0.4905	0.0089	
nsga05k2x	I0	57767	50	0.0455	0.7494	0.4951	0.0174	
nsga05k2x	I0	57889	53	0.0000	0.6239	0.4880	0.0090	
nsga05k2x	I0	57325	60	0.0182	0.6873	0.4877	0.0089	
nsga05k2x	I0	58173	54	0.0091	0.7674	0.4869	0.0113	
nsga05k2x	I0	57638	47	0.0091	0.6244	0.5046	0.0076	
nsga05k2x	I0	57552	55	0.0182	0.6376	0.4856	0.0121	
nsga05k2x	I0	58083	52	0.0182	0.6428	0.5053	0.0086	
nsga05k2x	I0	57747	58	0.0000	0.5697	0.4948	0.0089	
nsga05k2x	I0	57680	65	0.0364	0.6312	0.4994	0.0082	
nsga05k2x	I0	58097	63	0.0000	0.5950	0.4943	0.0092	
nsga05k2x	I0	58268	52	0.0182	0.6517	0.5016	0.0082	
nsga05k2x	I0	57899	53	0.0091	0.5954	0.4818	0.0106	
nsga05k2x	I0	57870	62	0.0000	0.6347	0.4745	0.0092	
nsga05k2x	I0	58271	56	0.0091	0.6643	0.4968	0.0081	
nsga05k2x	I1	337714	64	0.0308	0.5687	0.5235	0.0057	
nsga05k2x	I1	337071	67	0.0154	0.6052	0.5038	0.0074	
nsga05k2x	I1	338750	56	0.0154	0.6177	0.5225	0.0063	
nsga05k2x	I1	337978	53	0.0154	0.7011	0.5193	0.0059	
nsga05k2x	I1	337273	70	0.0308	0.6709	0.5160	0.0063	
nsga05k2x	I1	338325	65	0.0077	0.6593	0.5081	0.0062	
nsga05k2x	I1	337762	62	0.0231	0.6338	0.5066	0.0066	
nsga05k2x	I1	338127	75	0.0308	0.6608	0.5106	0.0060	
nsga05k2x	I1	337832	60	0.0308	0.7519	0.5113	0.0074	
nsga05k2x	I1	338292	84	0.0231	0.6398	0.5065	0.0059	
nsga05k2x	I1	337103	61	0.0385	0.6640	0.5118	0.0064	
nsga05k2x	I1	360391	68	0.0154	0.7234	0.5009	0.0067	
nsga05k2x	I1	376782	55	0.0385	0.6619	0.5277	0.0066	
nsga05k2x	I1	347327	58	0.0385	0.6528	0.5022	0.0077	
nsga05k2x	I1	348221	64	0.0154	0.6796	0.5100	0.0075	
nsga05k2x	I1	333633	72	0.0385	0.6321	0.5244	0.0054	
nsga05k2x	I1	332008	71	0.0385	0.6759	0.5087	0.0054	
nsga05k2x	I1	335305	71	0.0154	0.7026	0.5116	0.0056	
nsga05k2x	I1	333323	61	0.0077	0.6482	0.5083	0.0068	
nsga05k2x	I1	332397	68	0.0077	0.6590	0.5073	0.0066	
nsga05k2x	I1	332720	77	0.0000	0.5482	0.5026	0.0062	
nsga05k2x	I1	308240	59	0.0231	0.7430	0.5242	0.0063	
nsga05k2x	I1	244571	67	0.0077	0.5856	0.5137	0.0051	
nsga05k2x	I1	243509	73	0.0231	0.7176	0.5137	0.0057	
nsga05k2x	I1	241165	68	0.0154	0.7607	0.5114	0.0080	
nsga05k2x	I1	241184	75	0.0000	0.6413	0.4840	0.0070	
nsga05k2x	I1	242112	66	0.0231	0.5497	0.5049	0.0074	
nsga05k2x	I1	241099	76	0.0077	0.7076	0.5108	0.0058	
nsga05k2x	I1	240210	61	0.0000	0.7050	0.4949	0.0085	
nsga05k2x	I1	240121	64	0.0154	0.6902	0.4947	0.0073	
nsga05k2x	I1	240332	71	0.0077	0.6461	0.5145	0.0062	
nsga05k2x	I1	240200	72	0.0077	0.6534	0.5047	0.0067	
nsga05k2x	I1	240741	67	0.0077	0.5742	0.5102	0.0061	
nsga05k2x	I1	239805	62	0.0385	0.6668	0.5235	0.0051	
nsga05k2x	I1	240975	72	0.0385	0.6508	0.5167	0.0057	
nsga05k2x	I1	242110	66	0.0231	0.6578	0.5142	0.0060	
nsga05k2x	I1	241303	62	0.0154	0.6946	0.5036	0.0080	
nsga05k2x	I1	241724	60	0.0154	0.6011	0.5167	0.0062	
nsga05k2x	I1	240483	67	0.0154	0.6147	0.5102	0.0062	
nsga05k2x	I1	241569	58	0.0077	0.7181	0.5127	0.0068	
nsga05k2x	I1	241146	54	0.0308	0.6501	0.5231	0.0060	
nsga05k2x	I1	242152	63	0.0154	0.6919	0.5291	0.0054	
nsga05k2x	I1	240689	76	0.0154	0.7372	0.5129	0.0058	
nsga05k2x	I1	241247	65	0.0077	0.6552	0.5085	0.0073	
nsga05k2x	I1	241720	66	0.0154	0.6201	0.4931	0.0076	
nsga05k2x	I1	241188	67	0.0615	0.6578	0.5257	0.0058	
nsga05k2x	I1	240850	64	0.0154	0.6259	0.5136	0.0057	
nsga05k2x	I1	241567	68	0.0000	0.5999	0.5005	0.0062	
nsga05k2x	I1	240089	54	0.0538	0.6765	0.5181	0.0060	
nsga05k2x	I1	239726	68	0.0154	0.5458	0.5104	0.0058	
nsga05k2x	I2	508373	44	0.0130	0.8190	0.4689	0.0162	
nsga05k2x	I2	505335	39	0.0260	0.7279	0.4879	0.0146	
nsga05k2x	I2	422819	31	0.0000	0.7032	0.4892	0.0113	
nsga05k2x	I2	416292	43	0.0260	0.6738	0.5004	0.0102	
nsga05k2x	I2	403944	38	0.0000	0.6609	0.4726	0.0144	
nsga05k2x	I2	400768	44	0.0649	0.7080	0.5066	0.0126	
nsga05k2x	I2	399966	40	0.0260	0.6643	0.4705	0.0122	
nsga05k2x	I2	396602	41	0.0000	0.6356	0.4882	0.0129	
nsga05k2x	I2	392263	38	0.0519	0.6132	0.5024	0.0104	
nsga05k2x	I2	395630	39	0.0390	0.6804	0.4867	0.0140	
nsga05k2x	I2	393868	42	0.0130	0.7012	0.4710	0.0150	
nsga05k2x	I2	393786	45	0.0000	0.7943	0.4590	0.0200	
nsga05k2x	I2	393282	48	0.0000	0.6102	0.4787	0.0116	
nsga05k2x	I2	393071	38	0.0130	0.6040	0.4582	0.0158	
nsga05k2x	I2	393771	42	0.0130	0.6645	0.4722	0.0132	
nsga05k2x	I2	394118	37	0.0390	0.7128	0.4921	0.0118	
nsga05k2x	I2	393185	36	0.0130	0.6227	0.4801	0.0140	
nsga05k2x	I2	450856	37	0.0130	0.6107	0.4556	0.0123	
nsga05k2x	I2	409150	46	0.0000	0.6073	0.4558	0.0153	
nsga05k2x	I2	411326	35	0.0130	0.7051	0.4711	0.0161	
nsga05k2x	I2	395668	49	0.0260	0.6901	0.4790	0.0146	
nsga05k2x	I2	394262	44	0.0260	0.6573	0.4647	0.0138	
nsga05k2x	I2	393078	41	0.0130	0.6092	0.4881	0.0111	
nsga05k2x	I2	393618	35	0.0519	0.5147	0.4970	0.0132	
nsga05k2x	I2	393155	39	0.0000	0.6405	0.4553	0.0140	
nsga05k2x	I2	368884	43	0.0260	0.6099	0.4878	0.0122	
nsga05k2x	I2	294697	43	0.0260	0.6900	0.4922	0.0118	
nsga05k2x	I2	293792	41	0.0519	0.6657	0.4687	0.0131	
nsga05k2x	I2	294682	40	0.0519	0.8334	0.4947	0.0152	
nsga05k2x	I2	296133	39	0.0260	0.5496	0.4880	0.0126	
nsga05k2x	I2	294112	31	0.0649	0.5598	0.4933	0.0112	
nsga05k2x	I2	295499	35	0.0130	0.6896	0.4817	0.0156	
nsga05k2x	I2	294227	39	0.0130	0.6571	0.4846	0.0113	
nsga05k2x	I2	293744	45	0.0130	0.7280	0.4834	0.0147	
nsga05k2x	I2	295379	42	0.0390	0.5374	0.5003	0.0107	
nsga05k2x	I2	295418	40	0.0000	0.6495	0.4617	0.0134	
nsga05k2x	I2	295116	35	0.0130	0.6549	0.4874	0.0134	
nsga05k2x	I2	294717	44	0.0130	0.7183	0.4807	0.0117	
nsga05k2x	I2	295865	44	0.0130	0.8092	0.4852	0.0140	
nsga05k2x	I2	294948	35	0.0260	0.6673	0.4794	0.0140	
nsga05k2x	I2	294038	40	0.0390	0.5730	0.4878	0.0103	
nsga05k2x	I2	294232	26	0.0130	0.6182	0.4760	0.0157	
nsga05k2x	I2	295856	42	0.0130	0.6608	0.4815	0.0124	
nsga05k2x	I2	293739	36	0.0130	0.7202	0.4764	0.0126	
nsga05k2x	I2	295336	36	0.0000	0.6084	0.4803	0.0139	
nsga05k2x	I2	294810	47	0.0000	0.5804	0.4725	0.0120	
nsga05k2x	I2	295628	42	0.0260	0.7505	0.4787	0.0113	
nsga05k2x	I2	295290	37	0.0130	0.6479	0.4671	0.0146	
nsga05k2x	I2	288252	46	0.0000	0.6541	0.4371	0.0144	
nsga05k2x	I2	244599	38	0.0130	0.6295	0.4982	0.0114	
nsga05k2x	I3	505008	53	0.0000	0.7122	0.3644	0.0215	
nsga05k2x	I3	499856	57	0.0183	0.5694	0.3734	0.0143	
nsga05k2x	I3	433693	61	0.0092	0.6200	0.3922	0.0125	
nsga05k2x	I3	424024	48	0.0092	0.6366	0.3754	0.0192	
nsga05k2x	I3	410936	48	0.0275	0.6047	0.3993	0.0128	
nsga05k2x	I3	408812	56	0.0092	0.7251	0.3837	0.0150	
nsga05k2x	I3	403551	51	0.0183	0.5736	0.3960	0.0139	
nsga05k2x	I3	406964	45	0.0275	0.6665	0.3817	0.0174	
nsga05k2x	I3	406208	67	0.0275	0.6624	0.3770	0.0160	
nsga05k2x	I3	408476	54	0.0092	0.8176	0.3758	0.0282	
nsga05k2x	I3	409952	56	0.0550	0.6468	0.4136	0.0163	
nsga05k2x	I3	410322	62	0.0000	0.7526	0.3773	0.0179	
nsga05k2x	I3	410445	49	0.0367	0.5862	0.3957	0.0126	
nsga05k2x	I3	411035	50	0.0183	0.5882	0.3796	0.0141	
nsga05k2x	I3	407811	43	0.0367	0.5211	0.4042	0.0115	
nsga05k2x	I3	406230	47	0.0367	0.5198	0.3952	0.0121	
nsga05k2x	I3	422633	58	0.0092	0.6903	0.3624	0.0158	
nsga05k2x	I3	454113	50	0.0275	0.6209	0.3994	0.0141	
nsga05k2x	I3	431716	45	0.0275	0.7004	0.3973	0.0198	
nsga05k2x	I3	426083	50	0.0092	0.8374	0.3720	0.0202	
nsga05k2x	I3	422820	50	0.0275	0.8602	0.3708	0.0409	
nsga05k2x	I3	418861	47	0.0183	0.5855	0.3915	0.0145	
nsga05k2x	I3	420592	45	0.0275	0.6064	0.3769	0.0208	
nsga05k2x	I3	418572	52	0.0000	0.6948	0.3807	0.0169	
nsga05k2x	I3	393561	67	0.0000	0.8024	0.3809	0.0164	
nsga05k2x	I3	296242	50	0.0550	0.6695	0.3944	0.0124	
nsga05k2x	I3	295693	58	0.0092	0.6034	0.3806	0.0139	
nsga05k2x	I3	301464	62	0.0092	0.7609	0.3494	0.0224	
nsga05k2x	I3	296880	60	0.0183	0.7055	0.3908	0.0109	
nsga05k2x	I3	298171	62	0.0000	0.6157	0.3809	0.0151	
nsga05k2x	I3	297584	55	0.0275	0.7349	0.4044	0.0197	
nsga05k2x	I3	298339	46	0.0092	0.6049	0.3698	0.0158	
nsga05k2x	I3	301574	58	0.0000	0.7622	0.3733	0.0152	
nsga05k2x	I3	298921	52	0.0275	0.6499	0.3982	0.0134	
nsga05k2x	I3	298065	61	0.0275	0.5702	0.3937	0.0122	
nsga05k2x	I3	297829	45	0.0092	0.6590	0.4070	0.0099	
nsga05k2x	I3	296840	52	0.0092	0.6592	0.3657	0.0167	
nsga05k2x	I3	298116	48	0.0092	0.7523	0.3705	0.0200	
nsga05k2x	I3	297328	50	0.0275	0.7414	0.3877	0.0230	
nsga05k2x	I3	298769	50	0.0459	0.7302	0.4023	0.0142	
nsga05k2x	I3	298844	47	0.0275	0.7069	0.3901	0.0229	
nsga05k2x	I3	297723	54	0.0275	0.5951	0.3969	0.0129	
nsga05k2x	I3	298488	67	0.0092	0.7486	0.3588	0.0183	
nsga05k2x	I3	299657	47	0.0275	0.8703	0.3796	0.0447	
nsga05k2x	I3	297708	51	0.0092	0.6317	0.3764	0.0140	
nsga05k2x	I3	298171	43	0.0367	0.6125	0.3931	0.0149	
nsga05k2x	I3	298483	38	0.0183	0.6802	0.4000	0.0180	
nsga05k2x	I3	286342	49	0.0092	0.5733	0.3782	0.0134	
nsga05k2x	I3	239227	50	0.0367	0.6434	0.3994	0.0129	
nsga05k2x	I3	196993	51	0.0275	0.6961	0.3826	0.0218	
nsga05k2x	I4	173183	86	0.0286	0.5677	0.5395	0.0040	
nsga05k2x	I4	174352	82	0.0071	0.6409	0.5403	0.0041	
nsga05k2x	I4	173794	88	0.0143	0.6077	0.5351	0.0048	
nsga05k2x	I4	173818	89	0.0071	0.6842	0.5316	0.0052	
nsga05k2x	I4	174640	87	0.0357	0.6722	0.5469	0.0038	
nsga05k2x	I4	173811	101	0.0429	0.5916	0.5460	0.0035	
nsga05k2x	I4	148919	78	0.0143	0.4973	0.5331	0.0053	
nsga05k2x	I4	147450	91	0.0286	0.5597	0.5412	0.0042	
nsga05k2x	I4	147355	87	0.0000	0.6096	0.5346	0.0042	
nsga05k2x	I4	146849	90	0.0143	0.6556	0.5395	0.0045	
nsga05k2x	I4	146664	80	0.0071	0.6006	0.5427	0.0041	
nsga05k2x	I4	147563	95	0.0071	0.6519	0.5323	0.0042	
nsga05k2x	I4	142186	84	0.0143	0.6118	0.5218	0.0052	
nsga05k2x	I4	142087	71	0.0071	0.5934	0.5304	0.0057	
nsga05k2x	I4	142693	83	0.0214	0.6290	0.5389	0.0047	
nsga05k2x	I4	141695	84	0.0571	0.5987	0.5548	0.0033	
nsga05k2x	I4	141981	80	0.0000	0.6947	0.5270	0.0052	
nsga05k2x	I4	141382	80	0.0214	0.6444	0.5377	0.0045	
nsga05k2x	I4	140895	75	0.0286	0.5817	0.5402	0.0048	
nsga05k2x	I4	141790	88	0.0071	0.6121	0.5386	0.0046	
nsga05k2x	I4	142159	76	0.0000	0.6241	0.5321	0.0053	
nsga05k2x	I4	143200	105	0.0500	0.6055	0.5484	0.0034	
nsga05k2x	I4	143092	81	0.0357	0.5932	0.5372	0.0044	
nsga05k2x	I4	143104	78	0.0000	0.6703	0.5413	0.0041	
nsga05k2x	I4	143094	85	0.0214	0.6973	0.5381	0.0045	
nsga05k2x	I4	141951	79	0.0071	0.6269	0.5304	0.0053	
nsga05k2x	I4	142161	77	0.0286	0.6155	0.5369	0.0049	
nsga05k2x	I4	142913	66	0.0214	0.6192	0.5392	0.0051	
nsga05k2x	I4	141857	94	0.0071	0.7166	0.5331	0.0048	
nsga05k2x	I4	143030	87	0.0000	0.6974	0.5322	0.0045	
nsga05k2x	I4	142249	75	0.0571	0.6664	0.5395	0.0045	
nsga05k2x	I4	142458	85	0.0071	0.5983	0.5266	0.0050	
nsga05k2x	I4	143247	85	0.0214	0.7448	0.5345	0.0046	
nsga05k2x	I4	142323	78	0.0357	0.5889	0.5457	0.0043	
nsga05k2x	I4	142652	98	0.0000	0.6165	0.5347	0.0042	
nsga05k2x	I4	142707	84	0.0214	0.5293	0.5307	0.0047	
nsga05k2x	I4	141629	95	0.0143	0.6507	0.5396	0.0044	
nsga05k2x	I4	142270	90	0.0214	0.6669	0.5348	0.0045	
nsga05k2x	I4	142024	89	0.0143	0.5800	0.5271	0.0046	
nsga05k2x	I4	142867	90	0.0143	0.5919	0.5334	0.0050	
nsga05k2x	I4	142008	98	0.0143	0.6951	0.5263	0.0050	
nsga05k2x	I4	143122	95	0.0143	0.6323	0.5362	0.0045	
nsga05k2x	I4	142209	97	0.0357	0.6365	0.5421	0.0045	
nsga05k2x	I4	142274	85	0.0071	0.5804	0.5403	0.0038	
nsga05k2x	I4	142629	74	0.0214	0.6874	0.5331	0.0050	
nsga05k2x	I4	142248	84	0.0357	0.6244	0.5341	0.0050	
nsga05k2x	I4	141989	71	0.0571	0.6545	0.5485	0.0048	
nsga05k2x	I4	142447	85	0.0143	0.6238	0.5334	0.0051	
nsga05k2x	I4	161186	93	0.0071	0.6783	0.5362	0.0046	
nsga05k2x	I4	170871	75	0.0500	0.6327	0.5431	0.0049	
nsga05k2x	I5	62920	69	0.0320	0.6623	0.4868	0.0060	
nsga05k2x	I5	62853	73	0.0000	0.6847	0.4680	0.0067	
nsga05k2x	I5	62994	71	0.0320	0.6633	0.4792	0.0066	
nsga05k2x	I5	62555	67	0.0240	0.6241	0.4626	0.0081	
nsga05k2x	I5	62981	77	0.0160	0.5405	0.4715	0.0055	
nsga05k2x	I5	63295	71	0.0400	0.6326	0.4885	0.0043	
nsga05k2x	I5	63267	61	0.0160	0.6446	0.4595	0.0074	
nsga05k2x	I5	63008	57	0.0640	0.6536	0.4898	0.0058	
nsga05k2x	I5	63339	73	0.0400	0.6479	0.4834	0.0058	
nsga05k2x	I5	63072	79	0.0560	0.6317	0.4764	0.0054	
nsga05k2x	I5	62880	71	0.0000	0.5655	0.4667	0.0067	
nsga05k2x	I5	62831	65	0.0080	0.5783	0.4679	0.0076	
nsga05k2x	I5	62984	82	0.0080	0.5855	0.4734	0.0063	
nsga05k2x	I5	62827	63	0.0080	0.6748	0.4699	0.0087	
nsga05k2x	I5	61222	84	0.0000	0.6219	0.4709	0.0062	
nsga05k2x	I5	60873	79	0.0080	0.6914	0.4652	0.0067	
nsga05k2x	I5	60956	71	0.0000	0.6649	0.4631	0.0063	
nsga05k2x	I5	60786	69	0.0000	0.5597	0.4640	0.0066	
nsga05k2x	I5	60547	87	0.0160	0.5811	0.4709	0.0053	
nsga05k2x	I5	60394	73	0.0240	0.6735	0.4755	0.0065	
nsga05k2x	I5	60955	78	0.0240	0.6172	0.4824	0.0054	
nsga05k2x	I5	60874	82	0.0000	0.6559	0.4568	0.0079	
nsga05k2x	I5	60851	69	0.0080	0.5774	0.4776	0.0055	
nsga05k2x	I5	60844	67	0.0080	0.7219	0.4649	0.0070	
nsga05k2x	I5	60576	70	0.0240	0.5750	0.4673	0.0061	
nsga05k2x	I5	60780	65	0.0160	0.6265	0.4766	0.0063	
nsga05k2x	I5	60630	69	0.0320	0.5639	0.4723	0.0063	
nsga05k2x	I5	60657	73	0.0080	0.5971	0.4801	0.0052	
nsga05k2x	I5	60884	82	0.0160	0.5601	0.4688	0.0053	
nsga05k2x	I5	60661	66	0.0560	0.6585	0.4853	0.0057	
nsga05k2x	I5	60557	62	0.0480	0.6041	0.4867	0.0065	
nsga05k2x	I5	60870	80	0.0320	0.5574	0.4705	0.0059	
nsga05k2x	I5	61047	73	0.0480	0.5667	0.4736	0.0065	
nsga05k2x	I5	61068	63	0.0240	0.5863	0.4745	0.0070	
nsga05k2x	I5	60756	70	0.0080	0.6329	0.4763	0.0064	
nsga05k2x	I5	60803	76	0.0400	0.6055	0.4782	0.0063	
nsga05k2x	I5	60688	81	0.0240	0.5568	0.4786	0.0052	
nsga05k2x	I5	60493	60	0.0320	0.5702	0.4752	0.0066	
nsga05k2x	I5	60968	71	0.0240	0.6634	0.4697	0.0068	
nsga05k2x	I5	60568	73	0.0080	0.5930	0.4731	0.0060	
nsga05k2x	I5	60969	84	0.0160	0.5570	0.4713	0.0055	
nsga05k2x	I5	60785	80	0.0400	0.5723	0.4740	0.0055	
nsga05k2x	I5	61325	81	0.0080	0.6642	0.4635	0.0061	
nsga05k2x	I5	61137	71	0.0160	0.5596	0.4708	0.0064	
nsga05k2x	I5	60574	71	0.0080	0.6245	0.4691	0.0062	
nsga05k2x	I5	60890	70	0.0080	0.6206	0.4612	0.0070	
nsga05k2x	I5	60606	72	0.0240	0.6716	0.4728	0.0064	
nsga05k2x	I5	61187	74	0.0000	0.6310	0.4671	0.0063	
nsga05k2x	I5	60827	77	0.0000	0.7984	0.4576	0.0081	
nsga05k2x	I5	60662	69	0.0080	0.5603	0.4702	0.0059	
nsga10k2x	I0	41175	56	0.0789	0.6735	0.5089	0.0082	
nsga10k2x	I0	41181	62	0.0088	0.6153	0.4829	0.0085	
nsga10k2x	I0	41015	54	0.0088	0.6383	0.4682	0.0096	
nsga10k2x	I0	41118	60	0.0175	0.6308	0.4775	0.0087	
nsga10k2x	I0	41194	57	0.0263	0.6307	0.4842	0.0097	
nsga10k2x	I0	41175	49	0.0088	0.6666	0.4736	0.0086	
nsga10k2x	I0	41181	58	0.0263	0.5644	0.4804	0.0106	
nsga10k2x	I0	41218	59	0.0175	0.7187	0.4821	0.0099	
nsga10k2x	I0	41190	59	0.0351	0.5483	0.4891	0.0070	
nsga10k2x	I0	41304	58	0.0351	0.6595	0.4910	0.0080	
nsga10k2x	I0	41153	56	0.0351	0.6521	0.4866	0.0078	
nsga10k2x	I0	41095	61	0.0263	0.6416	0.4834	0.0069	
nsga10k2x	I0	41126	60	0.0088	0.5822	0.4838	0.0071	
nsga10k2x	I0	41082	53	0.0351	0.5873	0.4928	0.0077	
nsga10k2x	I0	38821	56	0.0088	0.6848	0.4847	0.0063	
nsga10k2x	I0	30428	58	0.0263	0.6916	0.4820	0.0079	
nsga10k2x	I0	29601	50	0.0175	0.7801	0.4765	0.0122	
nsga10k2x	I0	29747	57	0.0175	0.7657	0.4592	0.0153	
nsga10k2x	I0	29667	59	0.0088	0.6554	0.4850	0.0071	
nsga10k2x	I0	30062	58	0.0175	0.6024	0.4834	0.0099	
nsga10k2x	I0	29924	66	0.0088	0.7517	0.4859	0.0117	
nsga10k2x	I0	30262	58	0.0263	0.7123	0.4954	0.0093	
nsga10k2x	I0	29957	59	0.0263	0.6171	0.4888	0.0088	
nsga10k2x	I0	30036	53	0.0526	0.5623	0.5086	0.0051	
nsga10k2x	I0	29946	58	0.0175	0.7137	0.4788	0.0094	
nsga10k2x	I0	30172	56	0.0175	0.6408	0.4808	0.0082	
nsga10k2x	I0	29968	60	0.0351	0.6681	0.5002	0.0063	
nsga10k2x	I0	30035	62	0.0000	0.5992	0.4609	0.0093	
nsga10k2x	I0	29835	57	0.0088	0.5822	0.4675	0.0094	
nsga10k2x	I0	30129	58	0.0175	0.6314	0.4681	0.0112	
nsga10k2x	I0	30071	56	0.0175	0.6559	0.4808	0.0095	
nsga10k2x	I0	29930	57	0.0088	0.6660	0.4744	0.0096	
nsga10k2x	I0	30245	60	0.0000	0.5913	0.4743	0.0081	
nsga10k2x	I0	30000	60	0.0088	0.6414	0.4898	0.0069	
nsga10k2x	I0	29931	61	0.0088	0.6301	0.4738	0.0088	
nsga10k2x	I0	30101	60	0.0175	0.5794	0.4834	0.0083	
nsga10k2x	I0	29941	58	0.0000	0.6444	0.4809	0.0092	
nsga10k2x	I0	30197	56	0.0439	0.6290	0.4973	0.0071	
nsga10k2x	I0	29836	63	0.0439	0.7435	0.4967	0.0079	
nsga10k2x	I0	30087	54	0.0175	0.7489	0.4839	0.0108	
nsga10k2x	I0	29732	55	0.0000	0.6602	0.4687	0.0094	
nsga10k2x	I0	29762	61	0.0175	0.6228	0.4806	0.0089	
nsga10k2x	I0	30096	55	0.0088	0.6353	0.4756	0.0100	
nsga10k2x	I0	29983	56	0.0000	0.6813	0.4756	0.0085	
nsga10k2x	I0	29769	58	0.0439	0.6791	0.4785	0.0077	
nsga10k2x	I0	29895	53	0.0175	0.5752	0.4861	0.0071	
nsga10k2x	I0	29866	62	0.0175	0.7307	0.4754	0.0146	
nsga10k2x	I0	29930	55	0.0263	0.7099	0.4854	0.0104	
nsga10k2x	I0	30055	53	0.0088	0.5941	0.4870	0.0072	
nsga10k2x	I0	29990	60	0.0175	0.6604	0.4750	0.0097	
nsga10k2x	I1	185088	68	0.0308	0.6546	0.4881	0.0055	
nsga10k2x	I1	185275	73	0.0077	0.6359	0.4941	0.0053	
nsga10k2x	I1	184303	76	0.0154	0.6489	0.4969	0.0059	
nsga10k2x	I1	184840	85	0.0154	0.6694	0.4825	0.0069	
nsga10k2x	I1	185290	76	0.0077	0.6622	0.4780	0.0062	
nsga10k2x	I1	185019	76	0.0000	0.6502	0.4925	0.0045	
nsga10k2x	I1	185033	79	0.0077	0.6259	0.4892	0.0051	
nsga10k2x	I1	185549	76	0.0077	0.6110	0.4859	0.0056	
nsga10k2x	I1	184655	82	0.0000	0.6212	0.4970	0.0044	
nsga10k2x	I1	185273	81	0.0154	0.6429	0.4841	0.0057	
nsga10k2x	I1	183996	79	0.0154	0.6159	0.4884	0.0043	
nsga10k2x	I1	185065	88	0.0077	0.6375	0.4831	0.0055	
nsga10k2x	I1	184786	65	0.0154	0.6122	0.4941	0.0051	
nsga10k2x	I1	184735	70	0.0462	0.6787	0.5060	0.0049	
nsga10k2x	I1	184657	80	0.0154	0.6686	0.5032	0.0045	
nsga10k2x	I1	184737	87	0.0231	0.6705	0.4869	0.0053	
nsga10k2x	I1	184865	71	0.0154	0.6231	0.4941	0.0051	
nsga10k2x	I1	184971	80	0.0154	0.6198	0.4843	0.0054	
nsga10k2x	I1	185001	69	0.0538	0.5862	0.5142	0.0038	
nsga10k2x	I1	184436	70	0.0462	0.6433	0.4939	0.0054	
nsga10k2x	I1	185080	81	0.0231	0.6826	0.4961	0.0047	
nsga10k2x	I1	184585	77	0.0000	0.6073	0.4786	0.0052	
nsga10k2x	I1	185718	70	0.0385	0.7315	0.5040	0.0054	
nsga10k2x	I1	184887	77	0.0231	0.6947	0.4946	0.0056	
nsga10k2x	I1	184759	70	0.0000	0.6533	0.4873	0.0056	
nsga10k2x	I1	184541	72	0.0154	0.6513	0.4826	0.0051	
nsga10k2x	I1	184402	75	0.0154	0.6281	0.5000	0.0050	
nsga10k2x	I1	184031	93	0.0231	0.6834	0.4966	0.0047	
nsga10k2x	I1	185031	75	0.0462	0.6221	0.4989	0.0045	
nsga10k2x	I1	185568	83	0.0154	0.6168	0.4834	0.0051	
nsga10k2x	I1	184813	72	0.0385	0.6458	0.5017	0.0049	
nsga10k2x	I1	184975	66	0.0154	0.6216	0.4950	0.0062	
nsga10k2x	I1	185270	82	0.0385	0.6648	0.5068	0.0045	
nsga10k2x	I1	184941	68	0.0308	0.6167	0.4977	0.0043	
nsga10k2x	I1	185098	69	0.0077	0.6234	0.4926	0.0055	
nsga10k2x	I1	184582	76	0.0154	0.7320	0.4820	0.0053	
nsga10k2x	I1	185184	84	0.0077	0.6685	0.4833	0.0057	
nsga10k2x	I1	184859	79	0.0154	0.6776	0.5028	0.0052	
nsga10k2x	I1	184912	77	0.0154	0.5468	0.4820	0.0056	
nsga10k2x	I1	184768	68	0.0231	0.6029	0.5063	0.0046	
nsga10k2x	I1	184305	72	0.0308	0.6544	0.4771	0.0068	
nsga10k2x	I1	184976	80	0.0231	0.6756	0.4946	0.0046	
nsga10k2x	I1	185601	79	0.0231	0.6968	0.5053	0.0046	
nsga10k2x	I1	185091	78	0.0308	0.6226	0.4991	0.0040	
nsga10k2x	I1	185155	80	0.0231	0.6977	0.4949	0.0056	
nsga10k2x	I1	185306	62	0.0385	0.6147	0.5014	0.0046	
nsga10k2x	I1	185472	69	0.0077	0.5760	0.4937	0.0055	
nsga10k2x	I1	185183	81	0.0231	0.6088	0.4972	0.0049	
nsga10k2x	I1	184411	78	0.0308	0.6637	0.5004	0.0044	
nsga10k2x	I1	185696	75	0.0000	0.6731	0.4867	0.0051	
nsga10k2x	I2	207409	49	0.0106	0.6819	0.5226	0.0070	
nsga10k2x	I2	206985	44	0.0319	0.7737	0.5181	0.0094	
nsga10k2x	I2	206972	51	0.0213	0.7030	0.5293	0.0078	
nsga10k2x	I2	206929	43	0.0213	0.6895	0.5255	0.0096	
nsga10k2x	I2	206492	47	0.0000	0.6490	0.4946	0.0102	
nsga10k2x	I2	206475	45	0.0106	0.7127	0.5227	0.0089	
nsga10k2x	I2	206743	40	0.0213	0.6869	0.5118	0.0080	
nsga10k2x	I2	207377	50	0.0319	0.6536	0.5158	0.0087	
nsga10k2x	I2	206296	47	0.0000	0.7979	0.5084	0.0071	
nsga10k2x	I2	207215	36	0.0319	0.7557	0.5176	0.0101	
nsga10k2x	I2	206317	47	0.0426	0.6393	0.5140	0.0082	
nsga10k2x	I2	206472	43	0.0426	0.6550	0.5210	0.0084	
nsga10k2x	I2	206272	45	0.0213	0.7064	0.5033	0.0091	
nsga10k2x	I2	206094	47	0.0000	0.7136	0.5235	0.0084	
nsga10k2x	I2	206009	49	0.0213	0.6527	0.5054	0.0098	
nsga10k2x	I2	206022	42	0.0213	0.7354	0.5090	0.0089	
nsga10k2x	I2	206294	37	0.0426	0.6109	0.5138	0.0095	
nsga10k2x	I2	206308	45	0.0000	0.5884	0.5137	0.0079	
nsga10k2x	I2	206213	44	0.0213	0.6399	0.5068	0.0087	
nsga10k2x	I2	206913	48	0.0213	0.6965	0.5006	0.0100	
nsga10k2x	I2	206034	58	0.0213	0.7987	0.5097	0.0092	
nsga10k2x	I2	206220	47	0.0532	0.6062	0.5287	0.0072	
nsga10k2x	I2	205942	40	0.0000	0.6556	0.4979	0.0085	
nsga10k2x	I2	206596	55	0.0213	0.6288	0.5143	0.0076	
nsga10k2x	I2	206813	40	0.0319	0.6446	0.5196	0.0082	
nsga10k2x	I2	206049	51	0.0000	0.7322	0.4974	0.0087	
nsga10k2x	I2	206052	42	0.0213	0.7367	0.5163	0.0095	
nsga10k2x	I2	206275	45	0.0213	0.6202	0.5090	0.0091	
nsga10k2x	I2	207152	54	0.0213	0.6150	0.5110	0.0085	
nsga10k2x	I2	206124	42	0.0000	0.6260	0.5115	0.0084	
nsga10k2x	I2	206680	49	0.0319	0.7314	0.5162	0.0088	
nsga10k2x	I2	206475	50	0.0106	0.7243	0.5181	0.0079	
nsga10k2x	I2	206398	41	0.0426	0.6985	0.5119	0.0085	
nsga10k2x	I2	206882	45	0.0000	0.6496	0.5107	0.0084	
nsga10k2x	I2	206484	42	0.0106	0.6810	0.5061	0.0088	
nsga10k2x	I2	206662	36	0.0426	0.6260	0.5102	0.0099	
nsga10k2x	I2	206387	44	0.0319	0.6063	0.5089	0.0075	
nsga10k2x	I2	206681	47	0.0106	0.6010	0.5198	0.0070	
nsga10k2x	I2	206214	50	0.0106	0.6609	0.5133	0.0073	
nsga10k2x	I2	206677	48	0.0106	0.6517	0.5017	0.0090	
nsga10k2x	I2	206220	46	0.0213	0.7113	0.5153	0.0092	
nsga10k2x	I2	206593	41	0.0000	0.6518	0.5040	0.0096	
nsga10k2x	I2	206232	41	0.0319	0.6014	0.5075	0.0094	
nsga10k2x	I2	206794	40	0.0319	0.6393	0.5196	0.0080	
nsga10k2x	I2	206506	41	0.0213	0.6236	0.5339	0.0081	
nsga10k2x	I2	206116	41	0.0213	0.6099	0.4999	0.0093	
nsga10k2x	I2	206515	43	0.0000	0.7521	0.4989	0.0080	
nsga10k2x	I2	206402	33	0.0426	0.6791	0.5245	0.0087	
nsga10k2x	I2	206436	54	0.0000	0.5742	0.4923	0.0087	
nsga10k2x	I2	205591	50	0.0213	0.6747	0.5115	0.0077	
nsga10k2x	I3	204045	51	0.0485	0.6031	0.4495	0.0135	
nsga10k2x	I3	204143	54	0.0291	0.7377	0.4200	0.0183	
nsga10k2x	I3	203529	57	0.0000	0.5303	0.3994	0.0143	
nsga10k2x	I3	203898	49	0.0194	0.6298	0.4036	0.0139	
nsga10k2x	I3	203708	51	0.0000	0.5846	0.4179	0.0132	
nsga10k2x	I3	204152	51	0.0097	0.7116	0.3929	0.0166	
nsga10k2x	I3	204273	57	0.0291	0.6790	0.4124	0.0148	
nsga10k2x	I3	203481	46	0.0194	0.7329	0.4124	0.0171	
nsga10k2x	I3	204138	59	0.0097	0.6460	0.4098	0.0158	
nsga10k2x	I3	202814	51	0.0485	0.5453	0.4189	0.0134	
nsga10k2x	I3	203829	59	0.0000	0.6911	0.4240	0.0135	
nsga10k2x	I3	203620	60	0.0000	0.6060	0.3851	0.0156	
nsga10k2x	I3	203150	53	0.0194	0.7829	0.4316	0.0209	
nsga10k2x	I3	204323	59	0.0097	0.7457	0.4068	0.0189	
nsga10k2x	I3	203887	48	0.0194	0.6202	0.4257	0.0121	
nsga10k2x	I3	203808	72	0.0000	0.5913	0.3799	0.0137	
nsga10k2x	I3	204411	58	0.0000	0.6526	0.3898	0.0202	
nsga10k2x	I3	203273	65	0.0000	0.6541	0.3977	0.0138	
nsga10k2x	I3	204194	48	0.0388	0.7624	0.4387	0.0153	
nsga10k2x	I3	202895	53	0.0194	0.6483	0.4096	0.0155	
nsga10k2x	I3	201899	54	0.0097	0.5871	0.4065	0.0148	
nsga10k2x	I3	204947	59	0.0097	0.6380	0.3941	0.0179	
nsga10k2x	I3	204695	56	0.0000	0.6846	0.3900	0.0202	
nsga10k2x	I3	204753	42	0.0388	0.6193	0.4087	0.0152	
nsga10k2x	I3	202308	51	0.0971	0.6568	0.4625	0.0112	
nsga10k2x	I3	204381	50	0.0291	0.6104	0.4319	0.0110	
nsga10k2x	I3	204864	49	0.0485	0.7006	0.4350	0.0135	
nsga10k2x	I3	202721	55	0.0388	0.6438	0.4216	0.0141	
nsga10k2x	I3	204194	60	0.0194	0.7602	0.4324	0.0161	
nsga10k2x	I3	203582	60	0.0777	0.6182	0.4292	0.0137	
nsga10k2x	I3	203717	53	0.0097	0.6128	0.4168	0.0139	
nsga10k2x	I3	202824	49	0.0000	0.5297	0.4193	0.0124	
nsga10k2x	I3	204003	56	0.0291	0.6735	0.4294	0.0128	
nsga10k2x	I3	202857	53	0.0291	0.6261	0.4128	0.0121	
nsga10k2x	I3	203822	50	0.0291	0.6257	0.4303	0.0124	
nsga10k2x	I3	203958	67	0.0000	0.6320	0.3859	0.0160	
nsga10k2x	I3	203700	64	0.0194	0.7001	0.4189	0.0142	
nsga10k2x	I3	203684	42	0.0000	0.6612	0.4122	0.0236	
nsga10k2x	I3	203170	50	0.0194	0.6832	0.4248	0.0138	
nsga10k2x	I3	203757	62	0.0000	0.6543	0.3865	0.0152	
nsga10k2x	I3	203277	54	0.0097	0.6089	0.4268	0.0127	
nsga10k2x	I3	204601	58	0.0000	0.8795	0.3846	0.0419	
nsga10k2x	I3	203415	60	0.0097	0.5891	0.4171	0.0119	
nsga10k2x	I3	202537	44	0.0291	0.6565	0.4208	0.0166	
nsga10k2x	I3	204476	60	0.0000	0.8547	0.3967	0.0223	
nsga10k2x	I3	203636	52	0.0097	0.6225	0.3923	0.0194	
nsga10k2x	I3	203039	61	0.0194	0.6100	0.4014	0.0123	
nsga10k2x	I3	203358	51	0.0194	0.6659	0.4339	0.0129	
nsga10k2x	I3	203804	49	0.0388	0.6950	0.4307	0.0133	
nsga10k2x	I3	203493	48	0.0388	0.7199	0.4266	0.0195	
nsga10k2x	I4	100963	111	0.0127	0.6438	0.4596	0.0043	
nsga10k2x	I4	100934	89	0.0127	0.5612	0.4715	0.0039	
nsga10k2x	I4	101109	94	0.0127	0.5753	0.4645	0.0043	
nsga10k2x	I4	101041	102	0.0127	0.6347	0.4706	0.0040	
nsga10k2x	I4	101861	100	0.0063	0.5686	0.4693	0.0039	
nsga10k2x	I4	101003	100	0.0127	0.6011	0.4814	0.0030	
nsga10k2x	I4	101106	103	0.0190	0.5919	0.4674	0.0040	
nsga10k2x	I4	101025	100	0.0127	0.5882	0.4754	0.0031	
nsga10k2x	I4	101233	95	0.0380	0.6240	0.4772	0.0041	
nsga10k2x	I4	101305	81	0.0380	0.6617	0.4792	0.0035	
nsga10k2x	I4	101697	95	0.0127	0.6492	0.4727	0.0037	
nsga10k2x	I4	101283	94	0.0506	0.5390	0.4821	0.0032	
nsga10k2x	I4	100884	106	0.0063	0.6260	0.4549	0.0046	
nsga10k2x	I4	101005	109	0.0127	0.6413	0.4666	0.0043	
nsga10k2x	I4	100894	93	0.0316	0.6387	0.4749	0.0048	
nsga10k2x	I4	100927	85	0.0127	0.6005	0.4704	0.0040	
nsga10k2x	I4	101475	99	0.0127	0.6170	0.4651	0.0040	
nsga10k2x	I4	101258	83	0.0127	0.6619	0.4694	0.0043	
nsga10k2x	I4	100858	76	0.0696	0.6012	0.4801	0.0034	
nsga10k2x	I4	100605	104	0.0190	0.5855	0.4694	0.0036	
nsga10k2x	I4	101232	91	0.0063	0.5605	0.4659	0.0042	
nsga10k2x	I4	100674	85	0.0316	0.5363	0.4646	0.0041	
nsga10k2x	I4	101397	96	0.0127	0.6043	0.4720	0.0037	
nsga10k2x	I4	100970	94	0.0380	0.6619	0.4759	0.0037	
nsga10k2x	I4	101011	96	0.0127	0.6384	0.4697	0.0038	
nsga10k2x	I4	101219	98	0.0506	0.6027	0.4807	0.0031	
nsga10k2x	I4	101090	92	0.0063	0.5930	0.4757	0.0037	
nsga10k2x	I4	101245	89	0.0127	0.6441	0.4720	0.0038	
nsga10k2x	I4	101160	85	0.0316	0.6293	0.4731	0.0044	
nsga10k2x	I4	101000	94	0.0190	0.5558	0.4727	0.0042	
nsga10k2x	I4	101095	96	0.0190	0.5935	0.4742	0.0041	
nsga10k2x	I4	101196	98	0.0253	0.5604	0.4705	0.0041	
nsga10k2x	I4	101138	89	0.0000	0.5754	0.4552	0.0052	
nsga10k2x	I4	100736	104	0.0127	0.5904	0.4662	0.0043	
nsga10k2x	I4	101171	96	0.0380	0.5713	0.4764	0.0034	
nsga10k2x	I4	101057	95	0.0316	0.6612	0.4796	0.0033	
nsga10k2x	I4	101009	97	0.0190	0.6097	0.4720	0.0043	
nsga10k2x	I4	101169	98	0.0127	0.6123	0.4764	0.0035	
nsga10k2x	I4	100970	95	0.0380	0.5625	0.4721	0.0038	
nsga10k2x	I4	101464	92	0.0063	0.5704	0.4741	0.0038	
nsga10k2x	I4	101690	104	0.0253	0.6044	0.4746	0.0039	
nsga10k2x	I4	101070	86	0.0443	0.6499	0.4727	0.0046	
nsga10k2x	I4	101131	101	0.0190	0.6301	0.4675	0.0041	
nsga10k2x	I4	100841	105	0.0000	0.6361	0.4746	0.0038	
nsga10k2x	I4	101624	99	0.0190	0.6362	0.4718	0.0037	
nsga10k2x	I4	101221	99	0.0063	0.5964	0.4668	0.0042	
nsga10k2x	I4	101779	96	0.0000	0.5997	0.4691	0.0043	
nsga10k2x	I4	101440	109	0.0190	0.6123	0.4611	0.0044	
nsga10k2x	I4	101610	104	0.0000	0.6193	0.4548	0.0050	
nsga10k2x	I4	101128	83	0.0253	0.6017	0.4713	0.0042	
nsga10k2x	I5	43723	75	0.0156	0.5659	0.4439	0.0067	
nsga10k2x	I5	43732	88	0.0000	0.5654	0.4421	0.0062	
nsga10k2x	I5	43686	85	0.0078	0.5747	0.4377	0.0065	
nsga10k2x	I5	43612	80	0.0469	0.5974	0.4527	0.0054	
nsga10k2x	I5	43561	87	0.0234	0.5475	0.4503	0.0056	
nsga10k2x	I5	43637	86	0.0469	0.6141	0.4630	0.0049	
nsga10k2x	I5	43566	82	0.0000	0.5688	0.4447	0.0056	
nsga10k2x	I5	43771	74	0.0000	0.5420	0.4480	0.0058	
nsga10k2x	I5	43391	81	0.0156	0.6111	0.4423	0.0059	
nsga10k2x	I5	43507	78	0.0156	0.6085	0.4566	0.0057	
nsga10k2x	I5	43789	88	0.0000	0.4892	0.4336	0.0064	
nsga10k2x	I5	43351	73	0.0000	0.6419	0.4467	0.0051	
nsga10k2x	I5	43545	73	0.0000	0.6126	0.4333	0.0070	
nsga10k2x	I5	43752	76	0.0234	0.5157	0.4482	0.0053	
nsga10k2x	I5	43792	71	0.0625	0.5898	0.4679	0.0048	
nsga10k2x	I5	43691	88	0.0078	0.5641	0.4365	0.0059	
nsga10k2x	I5	43486	88	0.0547	0.6103	0.4565	0.0042	
nsga10k2x	I5	43481	83	0.0234	0.6354	0.4405	0.0091	
nsga10k2x	I5	43497	80	0.0078	0.5988	0.4503	0.0054	
nsga10k2x	I5	43704	84	0.0078	0.6336	0.4308	0.0072	
nsga10k2x	I5	43618	75	0.0312	0.5942	0.4511	0.0057	
nsga10k2x	I5	43644	84	0.0391	0.5784	0.4607	0.0043	
nsga10k2x	I5	43447	83	0.0000	0.6673	0.4425	0.0072	
nsga10k2x	I5	43619	69	0.0078	0.5887	0.4422	0.0065	
nsga10k2x	I5	43755	88	0.0234	0.5752	0.4430	0.0059	
nsga10k2x	I5	43515	78	0.0312	0.6020	0.4504	0.0057	
nsga10k2x	I5	43547	76	0.0000	0.5562	0.4427	0.0060	
nsga10k2x	I5	43725	76	0.0078	0.6165	0.4437	0.0067	
nsga10k2x	I5	43720	77	0.0391	0.6647	0.4592	0.0061	
nsga10k2x	I5	43387	78	0.0234	0.5817	0.4538	0.0055	
nsga10k2x	I5	43499	70	0.0703	0.5924	0.4591	0.0051	
nsga10k2x	I5	43549	76	0.0312	0.6509	0.4550	0.0052	
nsga10k2x	I5	43949	74	0.0312	0.6605	0.4539	0.0056	
nsga10k2x	I5	43658	72	0.0078	0.6529	0.4510	0.0059	
nsga10k2x	I5	43552	81	0.0234	0.5864	0.4415	0.0078	
nsga10k2x	I5	43520	88	0.0156	0.6057	0.4481	0.0056	
nsga10k2x	I5	43216	79	0.0156	0.5826	0.4543	0.0052	
nsga10k2x	I5	43401	83	0.0000	0.6529	0.4405	0.0068	
nsga10k2x	I5	43794	74	0.0234	0.6537	0.4435	0.0080	
nsga10k2x	I5	43452	85	0.0391	0.5327	0.4535	0.0068	
nsga10k2x	I5	43738	75	0.0234	0.5474	0.4529	0.0054	
nsga10k2x	I5	43745	84	0.0000	0.5599	0.4300	0.0066	
nsga10k2x	I5	43279	80	0.0312	0.6153	0.4467	0.0058	
nsga10k2x	I5	43478	82	0.0312	0.6372	0.4501	0.0069	
nsga10k2x	I5	43487	69	0.0156	0.5594	0.4402	0.0067	
nsga10k2x	I5	43504	87	0.0234	0.6143	0.4426	0.0066	
nsga10k2x	I5	43730	76	0.0312	0.6311	0.4573	0.0065	
nsga10k2x	I5	43584	80	0.0156	0.6834	0.4460	0.0054	
nsga10k2x	I5	43597	84	0.0000	0.5543	0.4276	0.0074	
nsga10k2x	I5	43668	72	0.0078	0.6490	0.4373	0.0077	
nsga20k2x	I0	84762	72	0.0080	0.7111	0.4453	0.0105	
nsga20k2x	I0	84220	66	0.0080	0.5878	0.4394	0.0093	
nsga20k2x	I0	84137	80	0.0000	0.5973	0.4298	0.0089	
nsga20k2x	I0	84296	70	0.0320	0.6140	0.4504	0.0104	
nsga20k2x	I0	84414	75	0.0240	0.5466	0.4499	0.0060	
nsga20k2x	I0	83859	68	0.0000	0.7127	0.4416	0.0111	
nsga20k2x	I0	84163	74	0.0080	0.6475	0.4459	0.0073	
nsga20k2x	I0	84826	74	0.0160	0.6468	0.4436	0.0074	
nsga20k2x	I0	84423	66	0.0160	0.5903	0.4432	0.0077	
nsga20k2x	I0	84787	67	0.0240	0.6894	0.4575	0.0066	
nsga20k2x	I0	79192	64	0.0160	0.5998	0.4429	0.0076	
nsga20k2x	I0	62567	76	0.0160	0.6189	0.4431	0.0088	
nsga20k2x	I0	61883	64	0.0160	0.6869	0.4535	0.0091	
nsga20k2x	I0	61898	68	0.0240	0.6453	0.4433	0.0105	
nsga20k2x	I0	62005	76	0.0080	0.6029	0.4402	0.0077	
nsga20k2x	I0	62073	71	0.0640	0.6914	0.4561	0.0080	
nsga20k2x	I0	62303	58	0.0160	0.7114	0.4506	0.0107	
nsga20k2x	I0	61815	75	0.0480	0.6983	0.4575	0.0079	
nsga20k2x	I0	62201	69	0.0320	0.5678	0.4543	0.0063	
nsga20k2x	I0	62212	61	0.0240	0.6431	0.4596	0.0069	
nsga20k2x	I0	61725	66	0.0000	0.6202	0.4491	0.0077	
nsga20k2x	I0	62061	62	0.0000	0.7330	0.4373	0.0104	
nsga20k2x	I0	62017	78	0.0080	0.6910	0.4272	0.0100	
nsga20k2x	I0	62164	63	0.0160	0.5558	0.4614	0.0065	
nsga20k2x	I0	62227	76	0.0160	0.6164	0.4467	0.0089	
nsga20k2x	I0	62335	68	0.0160	0.5897	0.4488	0.0071	
nsga20k2x	I0	62149	72	0.0320	0.7031	0.4424	0.0117	
nsga20k2x	I0	61750	75	0.0080	0.7141	0.4393	0.0097	
nsga20k2x	I0	62092	61	0.0240	0.5705	0.4524	0.0079	
nsga20k2x	I0	62098	67	0.0400	0.5992	0.4606	0.0067	
nsga20k2x	I0	62160	73	0.0080	0.6327	0.4438	0.0080	
nsga20k2x	I0	62079	74	0.0400	0.6997	0.4564	0.0063	
nsga20k2x	I0	61948	67	0.0160	0.6402	0.4402	0.0092	
nsga20k2x	I0	62040	69	0.0240	0.5647	0.4589	0.0062	
nsga20k2x	I0	61847	64	0.0240	0.6840	0.4554	0.0088	
nsga20k2x	I0	62079	80	0.0240	0.6461	0.4642	0.0072	
nsga20k2x	I0	62320	79	0.0320	0.6187	0.4408	0.0081	
nsga20k2x	I0	62156	64	0.0080	0.6664	0.4449	0.0105	
nsga20k2x	I0	62244	77	0.0000	0.7698	0.4392	0.0125	
nsga20k2x	I0	61900	64	0.0000	0.6914	0.4428	0.0104	
nsga20k2x	I0	62037	71	0.0400	0.6351	0.4526	0.0058	
nsga20k2x	I0	61649	77	0.0320	0.5903	0.4547	0.0060	
nsga20k2x	I0	62137	66	0.0320	0.6212	0.4526	0.0078	
nsga20k2x	I0	62177	63	0.0160	0.6278	0.4523	0.0078	
nsga20k2x	I0	61999	75	0.0000	0.6923	0.4467	0.0090	
nsga20k2x	I0	61823	74	0.0160	0.6957	0.4627	0.0069	
nsga20k2x	I0	61538	68	0.0560	0.5921	0.4658	0.0050	
nsga20k2x	I0	62014	79	0.0000	0.6644	0.4368	0.0097	
nsga20k2x	I0	61978	65	0.0480	0.6533	0.4546	0.0074	
nsga20k2x	I0	62089	74	0.0240	0.6156	0.4474	0.0067	
nsga20k2x	I1	388173	93	0.0187	0.6266	0.5002	0.0047	
nsga20k2x	I1	386709	82	0.0375	0.6564	0.5176	0.0036	
nsga20k2x	I1	387551	92	0.0312	0.6821	0.5151	0.0042	
nsga20k2x	I1	387256	96	0.0000	0.6499	0.4988	0.0043	
nsga20k2x	I1	387281	89	0.0312	0.6479	0.5035	0.0035	
nsga20k2x	I1	387663	97	0.0437	0.6314	0.5139	0.0038	
nsga20k2x	I1	388907	84	0.0250	0.6327	0.5109	0.0045	
nsga20k2x	I1	388768	98	0.0250	0.6053	0.5183	0.0032	
nsga20k2x	I1	386101	103	0.0187	0.6373	0.5043	0.0039	
nsga20k2x	I1	387254	87	0.0063	0.5626	0.5042	0.0045	
nsga20k2x	I1	387331	99	0.0063	0.6421	0.5014	0.0042	
nsga20k2x	I1	385716	94	0.0187	0.6633	0.5045	0.0037	
nsga20k2x	I1	387728	93	0.0500	0.6593	0.5250	0.0027	
nsga20k2x	I1	387925	103	0.0187	0.5909	0.5001	0.0039	
nsga20k2x	I1	389460	99	0.0063	0.6350	0.5044	0.0039	
nsga20k2x	I1	388175	103	0.0312	0.6531	0.5083	0.0035	
nsga20k2x	I1	388028	102	0.0063	0.6465	0.5122	0.0034	
nsga20k2x	I1	386639	96	0.0000	0.6192	0.5038	0.0040	
nsga20k2x	I1	386799	94	0.0000	0.5681	0.5051	0.0041	
nsga20k2x	I1	385866	85	0.0437	0.6455	0.5079	0.0045	
nsga20k2x	I1	386277	92	0.0250	0.6078	0.5037	0.0038	
nsga20k2x	I1	387817	93	0.0125	0.6079	0.5160	0.0039	
nsga20k2x	I1	385869	73	0.0187	0.6156	0.4968	0.0054	
nsga20k2x	I1	387221	96	0.0312	0.5975	0.5183	0.0038	
nsga20k2x	I1	387890	92	0.0063	0.6805	0.5010	0.0046	
nsga20k2x	I1	386103	99	0.0312	0.5631	0.4974	0.0048	
nsga20k2x	I1	386568	99	0.0250	0.6180	0.5115	0.0037	
nsga20k2x	I1	387522	91	0.0187	0.6558	0.5071	0.0043	
nsga20k2x	I1	385960	83	0.0187	0.6197	0.5051	0.0039	
nsga20k2x	I1	388885	103	0.0063	0.5464	0.5118	0.0036	
nsga20k2x	I1	387236	88	0.0250	0.6469	0.4961	0.0056	
nsga20k2x	I1	388537	87	0.0250	0.6511	0.5117	0.0043	
nsga20k2x	I1	387412	100	0.0375	0.6660	0.5065	0.0045	
nsga20k2x	I1	387613	89	0.0312	0.6609	0.5036	0.0045	
nsga20k2x	I1	388390	99	0.0000	0.6387	0.5063	0.0040	
nsga20k2x	I1	387041	95	0.0187	0.6923	0.4950	0.0059	
nsga20k2x	I1	387368	101	0.0187	0.6183	0.5076	0.0043	
nsga20k2x	I1	386967	98	0.0000	0.6152	0.5047	0.0039	
nsga20k2x	I1	386399	97	0.0437	0.6251	0.5095	0.0043	
nsga20k2x	I1	388111	86	0.0125	0.6230	0.5076	0.0041	
nsga20k2x	I1	386300	85	0.0125	0.6193	0.5017	0.0045	
nsga20k2x	I1	387629	91	0.0063	0.6623	0.4975	0.0049	
nsga20k2x	I1	385505	95	0.0312	0.6366	0.5085	0.0038	
nsga20k2x	I1	387042	94	0.0125	0.7201	0.5043	0.0037	
nsga20k2x	I1	386514	110	0.0125	0.6448	0.5041	0.0035	
nsga20k2x	I1	386540	92	0.0250	0.6307	0.5013	0.0048	
nsga20k2x	I1	386141	96	0.0000	0.5845	0.4934	0.0046	
nsga20k2x	I1	387782	96	0.0312	0.6355	0.5151	0.0037	
nsga20k2x	I1	387569	102	0.0250	0.6255	0.5079	0.0038	
nsga20k2x	I1	386596	90	0.0187	0.6608	0.4996	0.0038	
nsga20k2x	I2	426037	44	0.0233	0.6532	0.4895	0.0100	
nsga20k2x	I2	426372	62	0.0233	0.6332	0.4851	0.0076	
nsga20k2x	I2	427322	49	0.0116	0.5870	0.4612	0.0108	
nsga20k2x	I2	427134	53	0.0930	0.7049	0.4948	0.0083	
nsga20k2x	I2	425971	55	0.0116	0.7749	0.4766	0.0083	
nsga20k2x	I2	425245	37	0.0814	0.6783	0.5177	0.0070	
nsga20k2x	I2	426248	56	0.0116	0.7321	0.4950	0.0083	
nsga20k2x	I2	426069	51	0.0233	0.6093	0.4837	0.0096	
nsga20k2x	I2	425860	48	0.0116	0.6064	0.4942	0.0091	
nsga20k2x	I2	426287	59	0.0116	0.6450	0.4694	0.0092	
nsga20k2x	I2	426252	54	0.0116	0.6495	0.4748	0.0082	
nsga20k2x	I2	426034	60	0.0000	0.6353	0.4684	0.0087	
nsga20k2x	I2	426577	61	0.0000	0.5703	0.4678	0.0093	
nsga20k2x	I2	427056	55	0.0116	0.6185	0.4800	0.0089	
nsga20k2x	I2	426752	41	0.0814	0.5717	0.4915	0.0093	
nsga20k2x	I2	426253	59	0.0116	0.6893	0.4638	0.0101	
nsga20k2x	I2	426998	49	0.0698	0.6731	0.4996	0.0077	
nsga20k2x	I2	426850	47	0.0116	0.6579	0.4883	0.0082	
nsga20k2x	I2	427020	57	0.0000	0.7117	0.4710	0.0104	
nsga20k2x	I2	426064	50	0.0000	0.6436	0.4788	0.0113	
nsga20k2x	I2	427084	50	0.0000	0.6868	0.4716	0.0090	
nsga20k2x	I2	426606	56	0.0349	0.6550	0.4905	0.0093	
nsga20k2x	I2	428217	54	0.0000	0.6301	0.4785	0.0089	
nsga20k2x	I2	426675	48	0.0000	0.6634	0.4844	0.0092	
nsga20k2x	I2	426355	62	0.0000	0.6312	0.4659	0.0092	
nsga20k2x	I2	425941	53	0.0349	0.7060	0.4896	0.0091	
nsga20k2x	I2	425818	50	0.0465	0.5744	0.4889	0.0075	
nsga20k2x	I2	427542	59	0.0000	0.6347	0.4626	0.0092	
nsga20k2x	I2	425905	56	0.0233	0.7666	0.4755	0.0102	
nsga20k2x	I2	427153	59	0.0349	0.6984	0.4804	0.0088	
nsga20k2x	I2	427106	53	0.0233	0.6583	0.4865	0.0077	
nsga20k2x	I2	426377	58	0.0116	0.6239	0.4590	0.0101	
nsga20k2x	I2	426944	57	0.0000	0.6534	0.4656	0.0094	
nsga20k2x	I2	426217	57	0.0233	0.6828	0.4852	0.0095	
nsga20k2x	I2	427414	55	0.0000	0.6323	0.4707	0.0097	
nsga20k2x	I2	427252	58	0.0349	0.7328	0.4921	0.0098	
nsga20k2x	I2	427211	47	0.0349	0.6586	0.4862	0.0092	
nsga20k2x	I2	425345	64	0.0233	0.7139	0.4988	0.0083	
nsga20k2x	I2	427784	61	0.0000	0.6704	0.4831	0.0092	
nsga20k2x	I2	426247	65	0.0000	0.6321	0.4724	0.0095	
nsga20k2x	I2	425233	53	0.0000	0.6825	0.4533	0.0103	
nsga20k2x	I2	426913	47	0.0233	0.6717	0.4833	0.0107	
nsga20k2x	I2	425880	55	0.0116	0.6853	0.4860	0.0092	
nsga20k2x	I2	425502	54	0.0349	0.6364	0.4885	0.0092	
nsga20k2x	I2	426065	54	0.0116	0.6645	0.4747	0.0097	
nsga20k2x	I2	426980	54	0.0233	0.6270	0.4806	0.0090	
nsga20k2x	I2	427062	60	0.0000	0.6843	0.4654	0.0092	
nsga20k2x	I2	426669	57	0.0116	0.6482	0.4838	0.0080	
nsga20k2x	I2	426656	43	0.0233	0.6214	0.4823	0.0101	
nsga20k2x	I2	427761	49	0.0349	0.5558	0.4892	0.0075	
nsga20k2x	I3	422615	69	0.0000	0.5681	0.3894	0.0110	
nsga20k2x	I3	420739	64	0.0242	0.5842	0.4192	0.0093	
nsga20k2x	I3	423146	63	0.0403	0.8775	0.4132	0.0305	
nsga20k2x	I3	421668	71	0.0161	0.5755	0.4086	0.0091	
nsga20k2x	I3	423867	66	0.0242	0.7950	0.4134	0.0125	
nsga20k2x	I3	418474	70	0.0242	0.6438	0.3958	0.0099	
nsga20k2x	I3	423762	87	0.0081	0.7036	0.3982	0.0103	
nsga20k2x	I3	418844	63	0.0645	0.6182	0.4215	0.0089	
nsga20k2x	I3	425177	76	0.0000	0.7021	0.3947	0.0097	
nsga20k2x	I3	423240	73	0.0242	0.6646	0.4139	0.0094	
nsga20k2x	I3	422608	69	0.0323	0.5953	0.4230	0.0069	
nsga20k2x	I3	422441	79	0.0081	0.6409	0.3911	0.0098	
nsga20k2x	I3	422432	73	0.0242	0.5784	0.4236	0.0074	
nsga20k2x	I3	422917	67	0.0161	0.9319	0.4095	0.0302	
nsga20k2x	I3	419720	72	0.0242	0.6021	0.4197	0.0089	
nsga20k2x	I3	421008	80	0.0000	0.6530	0.4020	0.0090	
nsga20k2x	I3	421955	71	0.0242	0.5947	0.4031	0.0087	
nsga20k2x	I3	420760	75	0.0161	0.6992	0.4146	0.0102	
nsga20k2x	I3	422158	63	0.0161	0.6769	0.4128	0.0100	
nsga20k2x	I3	420420	69	0.0242	0.7165	0.4114	0.0085	
nsga20k2x	I3	422486	63	0.0081	0.7243	0.4233	0.0107	
nsga20k2x	I3	421193	61	0.0161	0.6862	0.4151	0.0112	
nsga20k2x	I3	422872	77	0.0081	0.5917	0.3917	0.0102	
nsga20k2x	I3	421459	73	0.0161	0.5847	0.4132	0.0083	
nsga20k2x	I3	421425	60	0.0323	0.6656	0.4105	0.0106	
nsga20k2x	I3	421457	66	0.0242	0.6478	0.4239	0.0080	
nsga20k2x	I3	420567	76	0.0081	0.6445	0.4108	0.0093	
nsga20k2x	I3	424275	70	0.0726	0.7581	0.4246	0.0105	
nsga20k2x	I3	423483	81	0.0000	0.8021	0.3833	0.0189	
nsga20k2x	I3	420990	79	0.0000	0.6269	0.3919	0.0098	
nsga20k2x	I3	422673	71	0.0000	0.6772	0.3958	0.0102	
nsga20k2x	I3	422592	60	0.0403	0.7434	0.4136	0.0193	
nsga20k2x	I3	427195	69	0.0161	0.6147	0.4084	0.0091	
nsga20k2x	I3	427678	69	0.0161	0.8983	0.4001	0.0203	
nsga20k2x	I3	426906	75	0.0161	0.7808	0.4090	0.0200	
nsga20k2x	I3	422629	63	0.0081	0.6036	0.4007	0.0109	
nsga20k2x	I3	422964	63	0.0403	0.8626	0.4250	0.0301	
nsga20k2x	I3	422406	68	0.0161	0.6896	0.4143	0.0113	
nsga20k2x	I3	420109	75	0.0161	0.6652	0.4051	0.0111	
nsga20k2x	I3	423367	74	0.0403	0.6785	0.4124	0.0095	
nsga20k2x	I3	422566	73	0.0081	0.6207	0.4050	0.0088	
nsga20k2x	I3	423176	70	0.0081	0.6511	0.4113	0.0092	
nsga20k2x	I3	422750	70	0.0081	0.6706	0.3986	0.0108	
nsga20k2x	I3	420608	82	0.0081	0.7556	0.4015	0.0124	
nsga20k2x	I3	420543	58	0.0000	0.6057	0.4159	0.0114	
nsga20k2x	I3	422168	72	0.0323	0.7521	0.4102	0.0105	
nsga20k2x	I3	423861	77	0.0161	0.6440	0.3999	0.0091	
nsga20k2x	I3	423389	81	0.0161	0.6769	0.4020	0.0115	
nsga20k2x	I3	421773	66	0.0887	0.7052	0.4514	0.0061	
nsga20k2x	I3	420204	69	0.0081	0.5877	0.4000	0.0103	
nsga20k2x	I4	204530	117	0.0000	0.5874	0.4772	0.0037	
nsga20k2x	I4	204615	112	0.0230	0.6227	0.4817	0.0037	
nsga20k2x	I4	203725	117	0.0287	0.6480	0.4905	0.0031	
nsga20k2x	I4	203917	114	0.0345	0.6321	0.4912	0.0034	
nsga20k2x	I4	203689	118	0.0287	0.6361	0.4900	0.0030	
nsga20k2x	I4	204120	120	0.0345	0.5906	0.4918	0.0028	
nsga20k2x	I4	203954	115	0.0287	0.5215	0.4925	0.0028	
nsga20k2x	I4	203637	110	0.0230	0.5574	0.4891	0.0033	
nsga20k2x	I4	204773	108	0.0172	0.6237	0.4873	0.0032	
nsga20k2x	I4	203970	105	0.0402	0.5944	0.4880	0.0032	
nsga20k2x	I4	203429	109	0.0000	0.6376	0.4819	0.0033	
nsga20k2x	I4	203047	113	0.0460	0.5752	0.4936	0.0028	
nsga20k2x	I4	203334	111	0.0230	0.6200	0.4883	0.0033	
nsga20k2x	I4	203772	120	0.0230	0.5812	0.4925	0.0028	
nsga20k2x	I4	204130	120	0.0172	0.5537	0.4861	0.0030	
nsga20k2x	I4	203862	120	0.0172	0.5615	0.4882	0.0032	
nsga20k2x	I4	203193	114	0.0000	0.5550	0.4811	0.0035	
nsga20k2x	I4	203009	113	0.0230	0.6100	0.4862	0.0032	
nsga20k2x	I4	203601	117	0.0057	0.5617	0.4788	0.0033	
nsga20k2x	I4	203648	114	0.0287	0.5718	0.4926	0.0027	
nsga20k2x	I4	204291	120	0.0575	0.5948	0.4893	0.0034	
nsga20k2x	I4	203270	107	0.0172	0.5736	0.4870	0.0033	
nsga20k2x	I4	204149	115	0.0230	0.5820	0.4904	0.0029	
nsga20k2x	I4	203929	108	0.0230	0.6355	0.4883	0.0035	
nsga20k2x	I4	203633	119	0.0230	0.6312	0.4875	0.0037	
nsga20k2x	I4	203913	117	0.0057	0.5796	0.4855	0.0034	
nsga20k2x	I4	204827	112	0.0057	0.6049	0.4870	0.0033	
nsga20k2x	I4	202901	120	0.0115	0.6070	0.4918	0.0028	
nsga20k2x	I4	204345	110	0.0115	0.6229	0.4855	0.0036	
nsga20k2x	I4	204017	106	0.0575	0.6322	0.4984	0.0026	
nsga20k2x	I4	204390	111	0.0230	0.6539	0.4863	0.0035	
nsga20k2x	I4	202770	108	0.0460	0.6303	0.4907	0.0033	
nsga20k2x	I4	204927	115	0.0172	0.6130	0.4911	0.0030	
nsga20k2x	I4	204301	110	0.0057	0.6164	0.4873	0.0033	
nsga20k2x	I4	203742	101	0.0230	0.6357	0.4981	0.0034	
nsga20k2x	I4	202861	114	0.0057	0.5122	0.4795	0.0036	
nsga20k2x	I4	204027	102	0.0115	0.6168	0.4853	0.0035	
nsga20k2x	I4	204033	117	0.0172	0.6453	0.4903	0.0029	
nsga20k2x	I4	203466	120	0.0115	0.5803	0.4835	0.0033	
nsga20k2x	I4	203520	113	0.0000	0.5807	0.4859	0.0032	
nsga20k2x	I4	204359	120	0.0172	0.5236	0.4877	0.0029	
nsga20k2x	I4	204431	117	0.0172	0.6584	0.4917	0.0030	
nsga20k2x	I4	202820	118	0.0230	0.6071	0.4867	0.0034	
nsga20k2x	I4	203096	117	0.0402	0.6091	0.4951	0.0024	
nsga20k2x	I4	203512	114	0.0000	0.5882	0.4854	0.0031	
nsga20k2x	I4	202746	119	0.0172	0.5859	0.4909	0.0027	
nsga20k2x	I4	203437	119	0.0115	0.6003	0.4820	0.0033	
nsga20k2x	I4	204370	109	0.0172	0.6136	0.4868	0.0033	
nsga20k2x	I4	203566	114	0.0057	0.5297	0.4841	0.0035	
nsga20k2x	I4	203376	110	0.0115	0.5768	0.4843	0.0035	
nsga20k2x	I5	89373	84	0.0000	0.5952	0.5166	0.0043	
nsga20k2x	I5	89211	88	0.0253	0.5471	0.5312	0.0033	
nsga20k2x	I5	89392	88	0.0316	0.6032	0.5212	0.0039	
nsga20k2x	I5	89388	88	0.0570	0.5957	0.5359	0.0031	
nsga20k2x	I5	89025	88	0.0253	0.5667	0.5259	0.0040	
nsga20k2x	I5	89067	88	0.0127	0.5129	0.5268	0.0041	
nsga20k2x	I5	89503	78	0.0316	0.5935	0.5311	0.0034	
nsga20k2x	I5	89425	87	0.0190	0.5604	0.5259	0.0036	
nsga20k2x	I5	89605	88	0.0127	0.5809	0.5250	0.0039	
nsga20k2x	I5	89376	87	0.0380	0.5885	0.5343	0.0039	
nsga20k2x	I5	89436	86	0.0063	0.6049	0.5238	0.0037	
nsga20k2x	I5	89375	87	0.0063	0.5553	0.5235	0.0040	
nsga20k2x	I5	89147	88	0.0253	0.5477	0.5279	0.0039	
nsga20k2x	I5	89292	88	0.0063	0.5370	0.5295	0.0036	
nsga20k2x	I5	89371	85	0.0443	0.5873	0.5317	0.0031	
nsga20k2x	I5	89317	85	0.0127	0.5472	0.5256	0.0035	
nsga20k2x	I5	88973	88	0.0063	0.5540	0.5218	0.0039	
nsga20k2x	I5	89528	88	0.0253	0.6133	0.5293	0.0034	
nsga20k2x	I5	89345	88	0.0316	0.5477	0.5256	0.0039	
nsga20k2x	I5	89515	85	0.0127	0.5883	0.5205	0.0040	
nsga20k2x	I5	89953	86	0.0127	0.5584	0.5228	0.0039	
nsga20k2x	I5	89080	88	0.0506	0.4900	0.5375	0.0030	
nsga20k2x	I5	88722	88	0.0063	0.5101	0.5237	0.0038	
nsga20k2x	I5	89124	88	0.0190	0.5385	0.5319	0.0032	
nsga20k2x	I5	88654	87	0.0063	0.5457	0.5215	0.0036	
nsga20k2x	I5	89244	88	0.0253	0.5740	0.5316	0.0033	
nsga20k2x	I5	88960	88	0.0253	0.5519	0.5247	0.0033	
nsga20k2x	I5	89663	86	0.0316	0.6315	0.5351	0.0031	
nsga20k2x	I5	88850	76	0.0253	0.6539	0.5304	0.0041	
nsga20k2x	I5	88670	87	0.0000	0.5573	0.5190	0.0040	
nsga20k2x	I5	88986	88	0.0443	0.5994	0.5347	0.0037	
nsga20k2x	I5	89250	86	0.0190	0.5614	0.5309	0.0032	
nsga20k2x	I5	89517	87	0.0127	0.5671	0.5279	0.0041	
nsga20k2x	I5	89381	88	0.0063	0.5163	0.5191	0.0039	
nsga20k2x	I5	89151	88	0.0253	0.6378	0.5286	0.0038	
nsga20k2x	I5	89498	88	0.0190	0.6506	0.5252	0.0036	
nsga20k2x	I5	89022	85	0.0127	0.5922	0.5254	0.0038	
nsga20k2x	I5	89100	88	0.0063	0.5570	0.5243	0.0034	
nsga20k2x	I5	88813	88	0.0443	0.5347	0.5237	0.0034	
nsga20k2x	I5	88193	88	0.0380	0.5999	0.5314	0.0035	
nsga20k2x	I5	88993	87	0.0000	0.5338	0.5219	0.0042	
nsga20k2x	I5	88690	86	0.0190	0.5990	0.5277	0.0035	
nsga20k2x	I5	88682	88	0.0063	0.6189	0.5260	0.0036	
nsga20k2x	I5	88445	88	0.0190	0.5489	0.5279	0.0040	
nsga20k2x	I5	88782	88	0.0316	0.5802	0.5254	0.0035	
nsga20k2x	I5	88669	88	0.0000	0.5127	0.5259	0.0037	
nsga20k2x	I5	88864	86	0.0127	0.5272	0.5216	0.0039	
nsga20k2x	I5	89189	88	0.0253	0.5076	0.5311	0.0034	
nsga20k2x	I5	89080	88	0.0190	0.5759	0.5335	0.0031	
nsga20k2x	I5	90800	84	0.0063	0.6651	0.5256	0.0036	
nsga50k2x	I0	217681	80	0.0034	0.5630	0.4857	0.0042	
nsga50k2x	I0	215489	80	0.0205	0.5153	0.4913	0.0031	
nsga50k2x	I0	215006	80	0.0137	0.5001	0.4858	0.0037	
nsga50k2x	I0	214917	80	0.0307	0.4785	0.4933	0.0037	
nsga50k2x	I0	211710	80	0.0273	0.4688	0.4933	0.0030	
nsga50k2x	I0	211381	80	0.0171	0.6304	0.4956	0.0049	
nsga50k2x	I0	210849	80	0.0307	0.5187	0.4881	0.0041	
nsga50k2x	I0	210886	80	0.0102	0.5379	0.4886	0.0037	
nsga50k2x	I0	209508	80	0.0171	0.5258	0.4888	0.0040	
nsga50k2x	I0	210289	80	0.0375	0.4997	0.4994	0.0026	
nsga50k2x	I0	210576	80	0.0205	0.5847	0.4927	0.0041	
nsga50k2x	I0	210099	80	0.0239	0.5279	0.4913	0.0033	
nsga50k2x	I0	210372	80	0.0102	0.4482	0.4881	0.0044	
nsga50k2x	I0	210916	80	0.0034	0.5056	0.4878	0.0034	
nsga50k2x	I0	210774	80	0.0205	0.4793	0.4914	0.0025	
nsga50k2x	I0	211387	80	0.0205	0.5084	0.4884	0.0040	
nsga50k2x	I0	209233	80	0.0307	0.4178	0.4910	0.0036	
nsga50k2x	I0	209212	80	0.0239	0.4902	0.4855	0.0031	
nsga50k2x	I0	209946	78	0.0307	0.5102	0.4854	0.0043	
nsga50k2x	I0	210767	80	0.0205	0.4441	0.4941	0.0031	
nsga50k2x	I0	209793	80	0.0068	0.4815	0.4846	0.0033	
nsga50k2x	I0	209910	80	0.0273	0.5283	0.4908	0.0031	
nsga50k2x	I0	209797	80	0.0102	0.5229	0.4873	0.0035	
nsga50k2x	I0	209710	80	0.0273	0.5652	0.4885	0.0036	
nsga50k2x	I0	209670	78	0.0205	0.4809	0.4895	0.0037	
nsga50k2x	I0	210456	80	0.0239	0.5075	0.4973	0.0030	
nsga50k2x	I0	210744	80	0.0102	0.4681	0.4867	0.0043	
nsga50k2x	I0	210855	80	0.0205	0.5728	0.4857	0.0057	
nsga50k2x	I0	211160	80	0.0205	0.4764	0.4872	0.0036	
nsga50k2x	I0	211217	80	0.0239	0.5221	0.4949	0.0029	
nsga50k2x	I0	210112	80	0.0137	0.5272	0.4733	0.0054	
nsga50k2x	I0	211123	80	0.0341	0.5855	0.4962	0.0036	
nsga50k2x	I0	211276	80	0.0546	0.6059	0.4942	0.0070	
nsga50k2x	I0	209497	80	0.0273	0.5435	0.4966	0.0036	
nsga50k2x	I0	209231	80	0.0102	0.4669	0.4846	0.0044	
nsga50k2x	I0	211417	80	0.0171	0.4996	0.4904	0.0035	
nsga50k2x	I0	210071	80	0.0307	0.5805	0.4940	0.0035	
nsga50k2x	I0	210087	80	0.0137	0.5334	0.4863	0.0036	
nsga50k2x	I0	211372	80	0.0137	0.7071	0.4848	0.0096	
nsga50k2x	I0	210112	80	0.0205	0.7119	0.4916	0.0055	
nsga50k2x	I0	209362	80	0.0068	0.4732	0.4812	0.0038	
nsga50k2x	I0	209334	80	0.0239	0.5016	0.4924	0.0034	
nsga50k2x	I0	210961	80	0.0171	0.5901	0.4860	0.0045	
nsga50k2x	I0	209843	80	0.0102	0.4755	0.4840	0.0036	
nsga50k2x	I0	210263	80	0.0171	0.4741	0.4920	0.0037	
nsga50k2x	I0	210909	80	0.0171	0.5204	0.4897	0.0037	
nsga50k2x	I0	210218	80	0.0068	0.6210	0.4913	0.0046	
nsga50k2x	I0	210726	80	0.0273	0.6458	0.4886	0.0049	
nsga50k2x	I0	210242	80	0.0171	0.5214	0.4916	0.0042	
nsga50k2x	I0	209600	80	0.0171	0.4729	0.4858	0.0032	
nsga50k2x	I1	1217704	125	0.0421	0.5705	0.5073	0.0026	
nsga50k2x	I1	1216065	132	0.0187	0.6803	0.5019	0.0027	
nsga50k2x	I1	1214969	122	0.0234	0.5848	0.5040	0.0026	
nsga50k2x	I1	1215978	121	0.0327	0.6293	0.5073	0.0029	
nsga50k2x	I1	1216121	133	0.0187	0.5939	0.5011	0.0028	
nsga50k2x	I1	1237829	127	0.0187	0.6290	0.5020	0.0028	
nsga50k2x	I1	1225715	130	0.0280	0.6344	0.5059	0.0024	
nsga50k2x	I1	1218214	139	0.0187	0.6248	0.5075	0.0024	
nsga50k2x	I1	1215869	127	0.0467	0.6670	0.5123	0.0024	
nsga50k2x	I1	1214724	129	0.0093	0.5722	0.5028	0.0027	
nsga50k2x	I1	1212626	137	0.0093	0.6146	0.5019	0.0026	
nsga50k2x	I1	1217483	119	0.0280	0.6213	0.5101	0.0029	
nsga50k2x	I1	1219903	140	0.0000	0.5746	0.4973	0.0028	
nsga50k2x	I1	1218850	115	0.0234	0.5871	0.5057	0.0029	
nsga50k2x	I1	1220264	130	0.0047	0.6642	0.5011	0.0029	
nsga50k2x	I1	1215320	124	0.0140	0.6414	0.5022	0.0027	
nsga50k2x	I1	1215247	140	0.0093	0.6731	0.5008	0.0028	
nsga50k2x	I1	1216212	117	0.0234	0.6044	0.5024	0.0029	
nsga50k2x	I1	1216562	117	0.0467	0.6382	0.5095	0.0027	
nsga50k2x	I1	1111478	127	0.0234	0.6263	0.5052	0.0026	
nsga50k2x	I1	794942	136	0.0280	0.6280	0.5046	0.0024	
nsga50k2x	I1	793302	132	0.0187	0.6295	0.5032	0.0024	
nsga50k2x	I1	794421	129	0.0187	0.5979	0.5051	0.0025	
nsga50k2x	I1	798724	129	0.0140	0.5981	0.5032	0.0026	
nsga50k2x	I1	796134	137	0.0093	0.6415	0.5060	0.0025	
nsga50k2x	I1	793532	117	0.0140	0.5999	0.5050	0.0025	
nsga50k2x	I1	796915	123	0.0140	0.5925	0.5073	0.0025	
nsga50k2x	I1	796283	121	0.0140	0.6486	0.5060	0.0030	
nsga50k2x	I1	796346	126	0.0187	0.5843	0.5082	0.0026	
nsga50k2x	I1	796772	120	0.0374	0.5801	0.5102	0.0024	
nsga50k2x	I1	794747	151	0.0093	0.5906	0.4945	0.0028	
nsga50k2x	I1	794547	132	0.0140	0.5915	0.5035	0.0027	
nsga50k2x	I1	792438	128	0.0234	0.5639	0.5049	0.0026	
nsga50k2x	I1	794713	122	0.0234	0.5862	0.5026	0.0027	
nsga50k2x	I1	795320	135	0.0234	0.6455	0.5074	0.0024	
nsga50k2x	I1	792027	143	0.0047	0.6174	0.5017	0.0025	
nsga50k2x	I1	795863	119	0.0140	0.6458	0.5035	0.0026	
nsga50k2x	I1	796786	133	0.0280	0.5801	0.5004	0.0028	
nsga50k2x	I1	792156	123	0.0421	0.6189	0.5097	0.0023	
nsga50k2x	I1	794483	122	0.0234	0.6816	0.5039	0.0028	
nsga50k2x	I1	795341	123	0.0234	0.6632	0.5071	0.0025	
nsga50k2x	I1	1042085	135	0.0093	0.5909	0.5002	0.0027	
nsga50k2x	I1	1055210	141	0.0187	0.6223	0.5070	0.0024	
nsga50k2x	I1	810165	126	0.0187	0.6372	0.5022	0.0027	
nsga50k2x	I1	794914	127	0.0187	0.7134	0.5021	0.0036	
nsga50k2x	I1	793952	125	0.0187	0.6452	0.5049	0.0023	
nsga50k2x	I1	796247	133	0.0234	0.6678	0.5081	0.0025	
nsga50k2x	I1	792920	128	0.0093	0.6454	0.5035	0.0030	
nsga50k2x	I1	795396	125	0.0140	0.6437	0.5038	0.0026	
nsga50k2x	I1	801012	132	0.0140	0.7045	0.5002	0.0037	
nsga50k2x	I2	1468859	86	0.0157	0.7211	0.4789	0.0067	
nsga50k2x	I2	1445585	89	0.0157	0.6875	0.4741	0.0064	
nsga50k2x	I2	1443455	90	0.0157	0.6388	0.4582	0.0078	
nsga50k2x	I2	1443046	75	0.0315	0.5827	0.4886	0.0057	
nsga50k2x	I2	1444302	87	0.0236	0.6746	0.4817	0.0060	
nsga50k2x	I2	1441469	76	0.0157	0.6036	0.4752	0.0061	
nsga50k2x	I2	1445998	101	0.0157	0.7851	0.4657	0.0077	
nsga50k2x	I2	1408173	79	0.0000	0.6859	0.4731	0.0061	
nsga50k2x	I2	1387449	80	0.0236	0.6814	0.4707	0.0063	
nsga50k2x	I2	1391524	77	0.0079	0.6878	0.4635	0.0072	
nsga50k2x	I2	1388402	85	0.0079	0.6692	0.4644	0.0066	
nsga50k2x	I2	1392942	78	0.0315	0.6651	0.4841	0.0055	
nsga50k2x	I2	1424884	72	0.0315	0.6666	0.4820	0.0065	
nsga50k2x	I2	1391799	71	0.0394	0.6310	0.4876	0.0079	
nsga50k2x	I2	1389320	83	0.0157	0.8094	0.4752	0.0128	
nsga50k2x	I2	1389558	68	0.0079	0.7303	0.4698	0.0092	
nsga50k2x	I2	1387821	80	0.0157	0.6105	0.4829	0.0062	
nsga50k2x	I2	1412978	84	0.0079	0.6265	0.4614	0.0069	
nsga50k2x	I2	1415074	81	0.0157	0.5909	0.4905	0.0060	
nsga50k2x	I2	1421230	82	0.0236	0.6226	0.4668	0.0068	
nsga50k2x	I2	1418616	76	0.0551	0.6754	0.4833	0.0063	
nsga50k2x	I2	1414045	78	0.0079	0.6276	0.4730	0.0057	
nsga50k2x	I2	1414988	88	0.0000	0.7686	0.4685	0.0064	
nsga50k2x	I2	1416814	83	0.0394	0.7509	0.4748	0.0076	
nsga50k2x	I2	1137910	71	0.0315	0.6867	0.4799	0.0063	
nsga50k2x	I2	923939	92	0.0236	0.6958	0.4758	0.0063	
nsga50k2x	I2	923268	80	0.0079	0.6521	0.4657	0.0076	
nsga50k2x	I2	925830	87	0.0079	0.7024	0.4660	0.0066	
nsga50k2x	I2	924780	81	0.0000	0.6597	0.4670	0.0067	
nsga50k2x	I2	922472	73	0.0157	0.6319	0.4729	0.0065	
nsga50k2x	I2	925352	70	0.0472	0.7542	0.4752	0.0078	
nsga50k2x	I2	926914	83	0.0157	0.6555	0.4709	0.0064	
nsga50k2x	I2	924941	77	0.0236	0.6494	0.4715	0.0060	
nsga50k2x	I2	924630	75	0.0551	0.7139	0.4961	0.0054	
nsga50k2x	I2	925658	87	0.0079	0.6514	0.4675	0.0062	
nsga50k2x	I2	923910	77	0.0079	0.6717	0.4667	0.0067	
nsga50k2x	I2	922852	84	0.0236	0.7107	0.4629	0.0077	
nsga50k2x	I2	924555	78	0.0394	0.7050	0.4810	0.0064	
nsga50k2x	I2	922361	76	0.0079	0.7365	0.4729	0.0073	
nsga50k2x	I2	923190	88	0.0079	0.6729	0.4613	0.0062	
nsga50k2x	I2	923361	74	0.0236	0.7568	0.4758	0.0092	
nsga50k2x	I2	926076	75	0.0551	0.6545	0.4865	0.0060	
nsga50k2x	I2	969786	85	0.0079	0.6565	0.4673	0.0073	
nsga50k2x	I2	1313816	89	0.0079	0.6243	0.4621	0.0066	
nsga50k2x	I2	1017938	75	0.0079	0.6160	0.4728	0.0067	
nsga50k2x	I2	925977	86	0.0236	0.6890	0.4674	0.0067	
nsga50k2x	I2	924941	96	0.0079	0.6052	0.4703	0.0059	
nsga50k2x	I2	923234	76	0.0315	0.6653	0.4786	0.0091	
nsga50k2x	I2	925195	70	0.0394	0.6376	0.4691	0.0073	
nsga50k2x	I2	927903	74	0.0079	0.7582	0.4697	0.0090	
nsga50k2x	I3	803454	129	0.0159	0.6906	0.4603	0.0039	
nsga50k2x	I3	696706	140	0.0040	0.7298	0.4522	0.0045	
nsga50k2x	I3	697049	127	0.0080	0.6604	0.4462	0.0046	
nsga50k2x	I3	693329	123	0.0120	0.9630	0.4610	0.0164	
nsga50k2x	I3	693677	116	0.0359	0.6487	0.4625	0.0040	
nsga50k2x	I3	695151	119	0.0040	0.6089	0.4453	0.0050	
nsga50k2x	I3	695121	122	0.0398	0.7257	0.4688	0.0059	
nsga50k2x	I3	697050	116	0.0279	0.6058	0.4587	0.0043	
nsga50k2x	I3	696760	130	0.0398	0.6224	0.4682	0.0037	
nsga50k2x	I3	693725	128	0.0199	0.6838	0.4686	0.0048	
nsga50k2x	I3	698509	134	0.0120	0.7449	0.4484	0.0071	
nsga50k2x	I3	698869	117	0.0199	0.8441	0.4563	0.0118	
nsga50k2x	I3	697426	134	0.0199	0.6612	0.4535	0.0044	
nsga50k2x	I3	698949	128	0.0359	0.7454	0.4706	0.0043	
nsga50k2x	I3	692072	126	0.0239	0.6332	0.4507	0.0043	
nsga50k2x	I3	697438	129	0.0199	0.7054	0.4613	0.0042	
nsga50k2x	I3	692381	133	0.0199	0.6688	0.4593	0.0039	
nsga50k2x	I3	699206	110	0.0398	0.6312	0.4623	0.0045	
nsga50k2x	I3	693791	125	0.0120	0.6738	0.4560	0.0047	
nsga50k2x	I3	696094	123	0.0398	0.7467	0.4646	0.0040	
nsga50k2x	I3	693977	123	0.0279	0.6994	0.4597	0.0049	
nsga50k2x	I3	699764	115	0.0319	0.7989	0.4663	0.0087	
nsga50k2x	I3	697630	115	0.0199	0.6735	0.4537	0.0049	
nsga50k2x	I3	695513	125	0.0120	0.6717	0.4582	0.0046	
nsga50k2x	I3	693007	115	0.0279	0.6150	0.4551	0.0043	
nsga50k2x	I3	695309	126	0.0199	0.6076	0.4601	0.0040	
nsga50k2x	I3	695867	120	0.0120	0.7340	0.4648	0.0044	
nsga50k2x	I3	697362	138	0.0040	0.7241	0.4595	0.0044	
nsga50k2x	I3	697984	125	0.0159	0.9529	0.4568	0.0142	
nsga50k2x	I3	697466	119	0.0159	0.6825	0.4579	0.0051	
nsga50k2x	I3	698877	125	0.0159	0.9849	0.4623	0.0161	
nsga50k2x	I3	691311	110	0.0080	0.5903	0.4530	0.0053	
nsga50k2x	I3	697618	106	0.0319	0.7061	0.4629	0.0052	
nsga50k2x	I3	696362	122	0.0199	0.6940	0.4593	0.0040	
nsga50k2x	I3	693229	127	0.0598	0.6864	0.4680	0.0040	
nsga50k2x	I3	696351	122	0.0199	0.6535	0.4557	0.0042	
nsga50k2x	I3	698762	109	0.0159	0.6606	0.4595	0.0045	
nsga50k2x	I3	692957	136	0.0080	0.6620	0.4453	0.0039	
nsga50k2x	I3	697267	118	0.0040	0.5676	0.4491	0.0046	
nsga50k2x	I3	698703	125	0.0199	0.7742	0.4559	0.0067	
nsga50k2x	I3	696339	121	0.0120	0.6991	0.4554	0.0049	
nsga50k2x	I3	696022	114	0.0359	0.6326	0.4606	0.0040	
nsga50k2x	I3	696262	124	0.0000	0.6415	0.4530	0.0051	
nsga50k2x	I3	698227	132	0.0159	0.6677	0.4516	0.0045	
nsga50k2x	I3	695429	117	0.0159	0.6129	0.4530	0.0047	
nsga50k2x	I3	697366	122	0.0120	0.6848	0.4532	0.0047	
nsga50k2x	I3	694655	125	0.0279	0.6915	0.4560	0.0045	
nsga50k2x	I3	696058	117	0.0120	0.5957	0.4486	0.0046	
nsga50k2x	I3	698888	113	0.0159	0.6700	0.4617	0.0047	
nsga50k2x	I3	695403	111	0.0120	0.7004	0.4490	0.0065	
nsga50k2x	I4	490195	120	0.0329	0.5145	0.5152	0.0014	
nsga50k2x	I4	486996	120	0.0033	0.4751	0.5040	0.0023	
nsga50k2x	I4	475935	120	0.0066	0.5474	0.5056	0.0022	
nsga50k2x	I4	477883	119	0.0197	0.5329	0.5109	0.0017	
nsga50k2x	I4	476394	120	0.0132	0.4782	0.5076	0.0020	
nsga50k2x	I4	477086	120	0.0066	0.4973	0.5057	0.0019	
nsga50k2x	I4	477702	119	0.0164	0.4707	0.5109	0.0016	
nsga50k2x	I4	478959	120	0.0132	0.5152	0.5061	0.0021	
nsga50k2x	I4	476731	120	0.0164	0.4677	0.5071	0.0020	
nsga50k2x	I4	476094	120	0.0033	0.4909	0.5035	0.0022	
nsga50k2x	I4	475955	120	0.0230	0.5062	0.5079	0.0021	
nsga50k2x	I4	475368	120	0.0197	0.4687	0.5087	0.0018	
nsga50k2x	I4	478593	119	0.0066	0.5165	0.5050	0.0021	
nsga50k2x	I4	477357	120	0.0066	0.5138	0.5089	0.0018	
nsga50k2x	I4	479550	120	0.0197	0.4908	0.5055	0.0021	
nsga50k2x	I4	477356	120	0.0461	0.4924	0.5099	0.0017	
nsga50k2x	I4	477555	120	0.0066	0.5145	0.5031	0.0024	
nsga50k2x	I4	478441	120	0.0362	0.4894	0.5110	0.0015	
nsga50k2x	I4	475548	118	0.0164	0.4833	0.5080	0.0019	
nsga50k2x	I4	475901	120	0.0329	0.4330	0.5107	0.0018	
nsga50k2x	I4	477346	120	0.0066	0.4988	0.5040	0.0023	
nsga50k2x	I4	477785	119	0.0296	0.5254	0.5109	0.0017	
nsga50k2x	I4	486932	120	0.0197	0.4864	0.5086	0.0016	
nsga50k2x	I4	486104	120	0.0164	0.4893	0.5098	0.0016	
nsga50k2x	I4	487952	117	0.0132	0.5038	0.5080	0.0017	
nsga50k2x	I4	486811	120	0.0362	0.4777	0.5093	0.0021	
nsga50k2x	I4	488320	120	0.0197	0.4996	0.5102	0.0019	
nsga50k2x	I4	487893	120	0.0362	0.4388	0.5128	0.0015	
nsga50k2x	I4	488628	120	0.0461	0.4675	0.5139	0.0013	
nsga50k2x	I4	489981	120	0.0230	0.4852	0.5124	0.0014	
nsga50k2x	I4	487481	120	0.0164	0.4918	0.5068	0.0022	
nsga50k2x	I4	486582	119	0.0263	0.4610	0.5092	0.0018	
nsga50k2x	I4	486615	120	0.0493	0.5053	0.5146	0.0014	
nsga50k2x	I4	488626	117	0.0066	0.4755	0.5053	0.0022	
nsga50k2x	I4	487060	120	0.0197	0.4458	0.5090	0.0020	
nsga50k2x	I4	488588	120	0.0230	0.5020	0.5104	0.0017	
nsga50k2x	I4	512263	120	0.0296	0.5290	0.5076	0.0019	
nsga50k2x	I4	499409	120	0.0263	0.4871	0.5089	0.0018	
nsga50k2x	I4	489347	120	0.0099	0.5133	0.5055	0.0020	
nsga50k2x	I4	487228	120	0.0395	0.5371	0.5123	0.0016	
nsga50k2x	I4	487025	120	0.0132	0.5172	0.5079	0.0019	
nsga50k2x	I4	489494	120	0.0197	0.5100	0.5064	0.0021	
nsga50k2x	I4	486926	120	0.0099	0.5384	0.5036	0.0023	
nsga50k2x	I4	488521	120	0.0066	0.5085	0.5068	0.0020	
nsga50k2x	I4	487032	120	0.0099	0.5004	0.5065	0.0019	
nsga50k2x	I4	489352	120	0.0099	0.4607	0.5061	0.0023	
nsga50k2x	I4	488179	120	0.0099	0.5120	0.5073	0.0020	
nsga50k2x	I4	486109	120	0.0230	0.4901	0.5109	0.0016	
nsga50k2x	I4	486890	120	0.0395	0.4977	0.5064	0.0019	
nsga50k2x	I4	488776	120	0.0197	0.4993	0.5051	0.0019	
nsga50k2x	I5	208015	88	0.0244	0.4479	0.5242	0.0028	
nsga50k2x	I5	207955	88	0.0035	0.4899	0.5228	0.0026	
nsga50k2x	I5	207785	88	0.0174	0.5187	0.5255	0.0024	
nsga50k2x	I5	208059	88	0.0139	0.4797	0.5283	0.0021	
nsga50k2x	I5	208415	88	0.0174	0.4905	0.5257	0.0023	
nsga50k2x	I5	207432	88	0.0105	0.4806	0.5283	0.0021	
nsga50k2x	I5	207039	88	0.0070	0.4934	0.5246	0.0025	
nsga50k2x	I5	205422	88	0.0314	0.3698	0.5251	0.0023	
nsga50k2x	I5	207033	88	0.0209	0.4943	0.5259	0.0022	
nsga50k2x	I5	207208	88	0.0174	0.4745	0.5288	0.0020	
nsga50k2x	I5	208004	88	0.0209	0.4893	0.5301	0.0018	
nsga50k2x	I5	207222	88	0.0209	0.4956	0.5252	0.0025	
nsga50k2x	I5	207943	88	0.0139	0.5524	0.5273	0.0024	
nsga50k2x	I5	208149	88	0.0139	0.4937	0.5198	0.0030	
nsga50k2x	I5	207293	88	0.0139	0.4169	0.5257	0.0023	
nsga50k2x	I5	207801	88	0.0244	0.4116	0.5252	0.0025	
nsga50k2x	I5	207419	88	0.0453	0.5163	0.5290	0.0028	
nsga50k2x	I5	207795	88	0.0174	0.4907	0.5296	0.0020	
nsga50k2x	I5	207851	87	0.0279	0.4902	0.5296	0.0021	
nsga50k2x	I5	207506	88	0.0244	0.4824	0.5277	0.0020	
nsga50k2x	I5	208649	88	0.0209	0.5126	0.5220	0.0023	
nsga50k2x	I5	207169	84	0.0244	0.4802	0.5296	0.0021	
nsga50k2x	I5	207178	88	0.0139	0.4804	0.5258	0.0024	
nsga50k2x	I5	208090	88	0.0209	0.4539	0.5281	0.0022	
nsga50k2x	I5	208067	88	0.0174	0.4661	0.5267	0.0023	
nsga50k2x	I5	207949	88	0.0174	0.5397	0.5259	0.0027	
nsga50k2x	I5	208598	87	0.0139	0.5093	0.5280	0.0022	
nsga50k2x	I5	207592	88	0.0244	0.5534	0.5287	0.0026	
nsga50k2x	I5	207541	88	0.0139	0.4277	0.5261	0.0028	
nsga50k2x	I5	208429	88	0.0314	0.4824	0.5324	0.0018	
nsga50k2x	I5	207626	88	0.0174	0.5099	0.5260	0.0026	
nsga50k2x	I5	207653	88	0.0139	0.4274	0.5295	0.0020	
nsga50k2x	I5	207888	88	0.0244	0.5118	0.5311	0.0018	
nsga50k2x	I5	207277	88	0.0139	0.4571	0.5258	0.0024	
nsga50k2x	I5	208078	88	0.0662	0.4764	0.5322	0.0016	
nsga50k2x	I5	207489	87	0.0209	0.4913	0.5212	0.0028	
nsga50k2x	I5	206692	88	0.0139	0.4989	0.5274	0.0018	
nsga50k2x	I5	207629	88	0.0139	0.4644	0.5248	0.0023	
nsga50k2x	I5	207228	88	0.0139	0.4459	0.5276	0.0023	
nsga50k2x	I5	208993	88	0.0314	0.4893	0.5261	0.0027	
nsga50k2x	I5	207944	88	0.0244	0.4525	0.5300	0.0020	
nsga50k2x	I5	207958	88	0.0348	0.4496	0.5304	0.0020	
nsga50k2x	I5	207717	88	0.0105	0.4714	0.5297	0.0018	
nsga50k2x	I5	206434	86	0.0279	0.4657	0.5321	0.0016	
nsga50k2x	I5	207654	88	0.0035	0.4976	0.5201	0.0032	
nsga50k2x	I5	208802	88	0.0105	0.5619	0.5278	0.0019	
nsga50k2x	I5	207781	88	0.0139	0.5079	0.5229	0.0026	
nsga50k2x	I5	208587	88	0.0314	0.5079	0.5317	0.0019	
nsga50k2x	I5	207978	88	0.0070	0.4638	0.5266	0.0023	
nsga50k2x	I5	207197	87	0.0209	0.4715	0.5280	0.0023	
nsga100k2x	I0	428275	80	0.0251	0.5287	0.4830	0.0031	
nsga100k2x	I0	424417	79	0.0279	0.4883	0.4808	0.0033	
nsga100k2x	I0	416622	80	0.0167	0.4972	0.4753	0.0030	
nsga100k2x	I0	415664	80	0.0390	0.4965	0.4801	0.0032	
nsga100k2x	I0	414417	80	0.0334	0.5178	0.4801	0.0032	
nsga100k2x	I0	416983	79	0.0195	0.4680	0.4823	0.0024	
nsga100k2x	I0	415669	80	0.0139	0.6466	0.4789	0.0097	
nsga100k2x	I0	415736	80	0.0084	0.4374	0.4754	0.0040	
nsga100k2x	I0	417040	80	0.0251	0.4764	0.4781	0.0032	
nsga100k2x	I0	415778	80	0.0251	0.4526	0.4811	0.0026	
nsga100k2x	I0	413574	80	0.0167	0.4352	0.4770	0.0036	
nsga100k2x	I0	416365	79	0.0195	0.4220	0.4787	0.0034	
nsga100k2x	I0	415773	80	0.0084	0.5082	0.4784	0.0036	
nsga100k2x	I0	416021	80	0.0111	0.4535	0.4807	0.0023	
nsga100k2x	I0	416124	80	0.0139	0.4685	0.4758	0.0034	
nsga100k2x	I0	415746	80	0.0056	0.4714	0.4746	0.0037	
nsga100k2x	I0	416733	80	0.0390	0.5273	0.4845	0.0021	
nsga100k2x	I0	414695	80	0.0251	0.4785	0.4821	0.0022	
nsga100k2x	I0	417305	80	0.0139	0.5570	0.4790	0.0087	
nsga100k2x	I0	414710	80	0.0056	0.4847	0.4757	0.0029	
nsga100k2x	I0	415982	80	0.0390	0.4059	0.4831	0.0020	
nsga100k2x	I0	415761	80	0.0056	0.4581	0.4761	0.0031	
nsga100k2x	I0	417863	80	0.0139	0.6699	0.4800	0.0077	
nsga100k2x	I0	416256	79	0.0167	0.4427	0.4777	0.0032	
nsga100k2x	I0	416012	80	0.0306	0.4716	0.4828	0.0026	
nsga100k2x	I0	418168	80	0.0139	0.5940	0.4764	0.0068	
nsga100k2x	I0	414484	80	0.0111	0.4085	0.4771	0.0032	
nsga100k2x	I0	414627	80	0.0251	0.3823	0.4808	0.0027	
nsga100k2x	I0	415026	80	0.0167	0.4588	0.4810	0.0030	
nsga100k2x	I0	415084	80	0.0251	0.4729	0.4798	0.0032	
nsga100k2x	I0	416338	80	0.0167	0.5153	0.4775	0.0032	
nsga100k2x	I0	413695	80	0.0474	0.4714	0.4877	0.0018	
nsga100k2x	I0	416339	80	0.0306	0.4906	0.4791	0.0025	
nsga100k2x	I0	414579	80	0.0056	0.4801	0.4757	0.0031	
nsga100k2x	I0	415458	80	0.0223	0.5098	0.4796	0.0025	
nsga100k2x	I0	414036	80	0.0167	0.4654	0.4782	0.0030	
nsga100k2x	I0	414810	80	0.0334	0.5674	0.4810	0.0039	
nsga100k2x	I0	413859	80	0.0139	0.4144	0.4766	0.0029	
nsga100k2x	I0	416429	80	0.0111	0.4659	0.4812	0.0026	
nsga100k2x	I0	416719	80	0.0223	0.4725	0.4810	0.0034	
nsga100k2x	I0	415875	80	0.0056	0.4325	0.4792	0.0026	
nsga100k2x	I0	417351	80	0.0139	0.4758	0.4771	0.0035	
nsga100k2x	I0	416428	80	0.0167	0.6000	0.4771	0.0064	
nsga100k2x	I0	416186	80	0.0195	0.4950	0.4824	0.0031	
nsga100k2x	I0	416486	80	0.0251	0.4751	0.4804	0.0027	
nsga100k2x	I0	414788	80	0.0167	0.4215	0.4759	0.0034	
nsga100k2x	I0	414939	80	0.0223	0.4542	0.4785	0.0035	
nsga100k2x	I0	416269	80	0.0279	0.5370	0.4815	0.0027	
nsga100k2x	I0	415265	80	0.0139	0.4404	0.4749	0.0040	
nsga100k2x	I0	415452	80	0.0279	0.5000	0.4771	0.0028	
nsga100k2x	I1	2416444	156	0.0000	0.6380	0.4842	0.0028	
nsga100k2x	I1	2408908	134	0.0250	0.6665	0.4914	0.0023	
nsga100k2x	I1	2413554	146	0.0125	0.6863	0.4859	0.0028	
nsga100k2x	I1	2410840	159	0.0333	0.5856	0.4939	0.0020	
nsga100k2x	I1	2397603	152	0.0208	0.6537	0.4888	0.0025	
nsga100k2x	I1	2408382	148	0.0208	0.5782	0.4885	0.0025	
nsga100k2x	I1	2410786	165	0.0083	0.6091	0.4886	0.0022	
nsga100k2x	I1	2406446	148	0.0292	0.6637	0.4915	0.0023	
nsga100k2x	I1	2404246	156	0.0125	0.6779	0.4872	0.0027	
nsga100k2x	I1	2400259	149	0.0333	0.6431	0.4891	0.0026	
nsga100k2x	I1	2414930	152	0.0250	0.6414	0.4890	0.0024	
nsga100k2x	I1	2395338	159	0.0083	0.6473	0.4898	0.0025	
nsga100k2x	I1	2399754	163	0.0083	0.6684	0.4880	0.0024	
nsga100k2x	I1	2389294	152	0.0333	0.6529	0.4922	0.0023	
nsga100k2x	I1	2388314	151	0.0333	0.5972	0.4919	0.0024	
nsga100k2x	I1	2400128	156	0.0167	0.6490	0.4894	0.0024	
nsga100k2x	I1	2390858	136	0.0167	0.5851	0.4925	0.0022	
nsga100k2x	I1	2391561	153	0.0083	0.6958	0.4846	0.0028	
nsga100k2x	I1	2393925	135	0.0250	0.6140	0.4925	0.0023	
nsga100k2x	I1	2394157	149	0.0125	0.6631	0.4900	0.0024	
nsga100k2x	I1	2012334	163	0.0292	0.6445	0.4916	0.0023	
nsga100k2x	I1	1562551	157	0.0000	0.6982	0.4905	0.0027	
nsga100k2x	I1	1563839	148	0.0167	0.5885	0.4917	0.0024	
nsga100k2x	I1	1566604	142	0.0083	0.6467	0.4909	0.0026	
nsga100k2x	I1	1568327	148	0.0333	0.6559	0.4967	0.0021	
nsga100k2x	I1	1558627	147	0.0083	0.5743	0.4855	0.0026	
nsga100k2x	I1	1558390	146	0.0000	0.6346	0.4870	0.0030	
nsga100k2x	I1	1558625	147	0.0250	0.6878	0.4909	0.0022	
nsga100k2x	I1	1562112	138	0.0208	0.6878	0.4928	0.0023	
nsga100k2x	I1	1572080	146	0.0375	0.5860	0.4926	0.0021	
nsga100k2x	I1	1561131	154	0.0167	0.6659	0.4885	0.0028	
nsga100k2x	I1	1561437	151	0.0125	0.6514	0.4875	0.0026	
nsga100k2x	I1	1565004	159	0.0042	0.6459	0.4888	0.0026	
nsga100k2x	I1	1569712	151	0.0417	0.6700	0.4904	0.0025	
nsga100k2x	I1	1572102	150	0.0208	0.6515	0.4906	0.0022	
nsga100k2x	I1	1565664	154	0.0375	0.6245	0.4947	0.0021	
nsga100k2x	I1	1562767	136	0.0292	0.6080	0.4968	0.0021	
nsga100k2x	I1	1560313	152	0.0125	0.6858	0.4843	0.0029	
nsga100k2x	I1	1567871	152	0.0042	0.6059	0.4886	0.0024	
nsga100k2x	I1	1563863	167	0.0167	0.6726	0.4882	0.0024	
nsga100k2x	I1	1566586	147	0.0292	0.5740	0.4922	0.0023	
nsga100k2x	I1	1565074	161	0.0083	0.5782	0.4879	0.0024	
nsga100k2x	I1	1566313	163	0.0083	0.7190	0.4869	0.0025	
nsga100k2x	I1	1554867	157	0.0333	0.5787	0.4863	0.0024	
nsga100k2x	I1	1565925	146	0.0292	0.6558	0.4915	0.0024	
nsga100k2x	I1	1566808	161	0.0250	0.6551	0.4891	0.0024	
nsga100k2x	I1	1571293	156	0.0333	0.6769	0.4886	0.0025	
nsga100k2x	I1	1567741	133	0.0292	0.6440	0.4948	0.0026	
nsga100k2x	I1	1562020	152	0.0208	0.5749	0.4866	0.0026	
nsga100k2x	I1	1576340	141	0.0250	0.7236	0.4882	0.0025	
nsga100k2x	I2	2871468	100	0.0210	0.7183	0.4686	0.0071	
nsga100k2x	I2	2846011	111	0.0000	0.6528	0.4618	0.0050	
nsga100k2x	I2	2844992	80	0.0350	0.6496	0.4762	0.0050	
nsga100k2x	I2	2844978	95	0.0280	0.7403	0.4543	0.0063	
nsga100k2x	I2	2852480	99	0.0210	0.6526	0.4668	0.0059	
nsga100k2x	I2	2847439	99	0.0070	0.5859	0.4600	0.0064	
nsga100k2x	I2	2852957	88	0.0490	0.6687	0.4762	0.0053	
nsga100k2x	I2	2795137	86	0.0210	0.6630	0.4664	0.0061	
nsga100k2x	I2	2779197	93	0.0000	0.6332	0.4534	0.0061	
nsga100k2x	I2	2774418	93	0.0070	0.6291	0.4677	0.0066	
nsga100k2x	I2	2771973	106	0.0070	0.7172	0.4667	0.0056	
nsga100k2x	I2	2779539	99	0.0070	0.6375	0.4625	0.0053	
nsga100k2x	I2	2771235	96	0.0280	0.6929	0.4713	0.0058	
nsga100k2x	I2	2782627	96	0.0280	0.6612	0.4632	0.0057	
nsga100k2x	I2	2776433	102	0.0000	0.7284	0.4622	0.0053	
nsga100k2x	I2	2777030	99	0.0140	0.6725	0.4634	0.0059	
nsga100k2x	I2	2777984	91	0.0280	0.6553	0.4779	0.0058	
nsga100k2x	I2	2804321	79	0.0559	0.6618	0.4847	0.0052	
nsga100k2x	I2	2817355	99	0.0070	0.7031	0.4667	0.0061	
nsga100k2x	I2	2809934	92	0.0070	0.7742	0.4638	0.0074	
nsga100k2x	I2	2812879	85	0.0559	0.5862	0.4773	0.0051	
nsga100k2x	I2	2801414	103	0.0070	0.6444	0.4626	0.0054	
nsga100k2x	I2	2803583	100	0.0210	0.6996	0.4728	0.0059	
nsga100k2x	I2	2806766	99	0.0280	0.6691	0.4723	0.0057	
nsga100k2x	I2	2776044	107	0.0210	0.6807	0.4671	0.0052	
nsga100k2x	I2	1821764	83	0.0280	0.6978	0.4691	0.0089	
nsga100k2x	I2	1828318	91	0.0350	0.6438	0.4696	0.0054	
nsga100k2x	I2	1823795	105	0.0140	0.7782	0.4687	0.0055	
nsga100k2x	I2	1825325	102	0.0140	0.6672	0.4617	0.0051	
nsga100k2x	I2	1830476	106	0.0070	0.6165	0.4640	0.0051	
nsga100k2x	I2	1827804	111	0.0280	0.7343	0.4654	0.0051	
nsga100k2x	I2	1825746	103	0.0070	0.7226	0.4563	0.0064	
nsga100k2x	I2	1827973	98	0.0210	0.6611	0.4694	0.0053	
nsga100k2x	I2	1832110	108	0.0280	0.6716	0.4678	0.0053	
nsga100k2x	I2	1825574	84	0.0000	0.6264	0.4621	0.0054	
nsga100k2x	I2	1829800	92	0.0490	0.5922	0.4737	0.0051	
nsga100k2x	I2	1825594	95	0.0350	0.6848	0.4730	0.0042	
nsga100k2x	I2	1823339	107	0.0070	0.5828	0.4618	0.0051	
nsga100k2x	I2	1826659	92	0.0140	0.6285	0.4687	0.0051	
nsga100k2x	I2	1830392	99	0.0140	0.6938	0.4746	0.0062	
nsga100k2x	I2	1826843	83	0.0280	0.6674	0.4731	0.0050	
nsga100k2x	I2	1826642	79	0.0350	0.5653	0.4647	0.0061	
nsga100k2x	I2	1825517	106	0.0210	0.6890	0.4612	0.0062	
nsga100k2x	I2	1821349	96	0.0210	0.6270	0.4627	0.0054	
nsga100k2x	I2	1828578	97	0.0140	0.6967	0.4625	0.0064	
nsga100k2x	I2	1824748	101	0.0140	0.5977	0.4581	0.0058	
nsga100k2x	I2	1826464	93	0.0350	0.6841	0.4710	0.0058	
nsga100k2x	I2	1823101	101	0.0140	0.6022	0.4584	0.0060	
nsga100k2x	I2	1825614	105	0.0070	0.6492	0.4604	0.0056	
nsga100k2x	I2	1828526	96	0.0070	0.6243	0.4632	0.0049	
nsga100k2x	I3	1476974	144	0.0169	0.6131	0.4188	0.0042	
nsga100k2x	I3	1377542	144	0.0236	0.6441	0.4196	0.0043	
nsga100k2x	I3	1383678	144	0.0169	0.6356	0.4176	0.0040	
nsga100k2x	I3	1386839	144	0.0203	0.6237	0.4226	0.0033	
nsga100k2x	I3	1387106	144	0.0203	0.5659	0.4195	0.0031	
nsga100k2x	I3	1387040	135	0.0169	0.6459	0.4184	0.0042	
nsga100k2x	I3	1380632	144	0.0135	0.6059	0.4211	0.0031	
nsga100k2x	I3	1380515	144	0.0034	0.6547	0.4140	0.0041	
nsga100k2x	I3	1383914	144	0.0034	0.6299	0.4142	0.0041	
nsga100k2x	I3	1383644	144	0.0135	0.9162	0.4165	0.0128	
nsga100k2x	I3	1379982	144	0.0135	0.6365	0.4144	0.0043	
nsga100k2x	I3	1382340	142	0.0236	0.6112	0.4250	0.0033	
nsga100k2x	I3	1384055	143	0.0236	0.6357	0.4189	0.0035	
nsga100k2x	I3	1381551	144	0.0135	0.6431	0.4127	0.0041	
nsga100k2x	I3	1381615	142	0.0135	0.7075	0.4191	0.0046	
nsga100k2x	I3	1385044	143	0.0270	0.6854	0.4264	0.0036	
nsga100k2x	I3	1385135	143	0.0101	0.5890	0.4112	0.0043	
nsga100k2x	I3	1388640	144	0.0203	0.6222	0.4126	0.0043	
nsga100k2x	I3	1376731	144	0.0169	0.6056	0.4215	0.0030	
nsga100k2x	I3	1380362	138	0.0608	0.6306	0.4277	0.0030	
nsga100k2x	I3	1387547	138	0.0101	0.6212	0.4159	0.0039	
nsga100k2x	I3	1379130	143	0.0236	0.6008	0.4183	0.0038	
nsga100k2x	I3	1382991	138	0.0169	0.6074	0.4183	0.0035	
nsga100k2x	I3	1386119	141	0.0169	0.6006	0.4197	0.0036	
nsga100k2x	I3	1383745	144	0.0203	0.6645	0.4229	0.0034	
nsga100k2x	I3	1385243	144	0.0135	0.6489	0.4181	0.0052	
nsga100k2x	I3	1387590	144	0.0169	0.6977	0.4192	0.0052	
nsga100k2x	I3	1388946	144	0.0169	0.8020	0.4189	0.0071	
nsga100k2x	I3	1383752	130	0.0405	0.6607	0.4208	0.0038	
nsga100k2x	I3	1378315	143	0.0203	0.6538	0.4245	0.0052	
nsga100k2x	I3	1383638	142	0.0304	0.5600	0.4256	0.0033	
nsga100k2x	I3	1386410	140	0.0135	0.6270	0.4162	0.0043	
nsga100k2x	I3	1385657	144	0.0169	0.5950	0.4242	0.0035	
nsga100k2x	I3	1376457	141	0.0203	0.5545	0.4186	0.0032	
nsga100k2x	I3	1381455	144	0.0068	0.5810	0.4083	0.0039	
nsga100k2x	I3	1382492	144	0.0304	0.5706	0.4223	0.0029	
nsga100k2x	I3	1374570	140	0.0236	0.6835	0.4170	0.0042	
nsga100k2x	I3	1385346	144	0.0304	0.6118	0.4264	0.0035	
nsga100k2x	I3	1386095	141	0.0270	0.7049	0.4220	0.0048	
nsga100k2x	I3	1375548	138	0.0169	0.6908	0.4172	0.0039	
nsga100k2x	I3	1382033	144	0.0270	0.6652	0.4200	0.0043	
nsga100k2x	I3	1385002	144	0.0135	0.6048	0.4251	0.0030	
nsga100k2x	I3	1388507	144	0.0203	0.7736	0.4217	0.0081	
nsga100k2x	I3	1387147	141	0.0203	0.6219	0.4188	0.0033	
nsga100k2x	I3	1384325	144	0.0236	0.6385	0.4222	0.0035	
nsga100k2x	I3	1395932	143	0.0270	0.6176	0.4165	0.0037	
nsga100k2x	I3	1390354	142	0.0169	0.6609	0.4196	0.0045	
nsga100k2x	I3	1382204	140	0.0169	0.6095	0.4235	0.0035	
nsga100k2x	I3	1384680	139	0.0304	0.6195	0.4255	0.0033	
nsga100k2x	I3	1385828	135	0.0203	0.6216	0.4223	0.0032	
nsga100k2x	I4	993917	120	0.0266	0.4849	0.5043	0.0017	
nsga100k2x	I4	967517	120	0.0160	0.4040	0.5049	0.0014	
nsga100k2x	I4	969475	120	0.0160	0.4298	0.4995	0.0019	
nsga100k2x	I4	970619	120	0.0160	0.4512	0.5033	0.0016	
nsga100k2x	I4	973467	119	0.0053	0.4481	0.5015	0.0018	
nsga100k2x	I4	969664	120	0.0106	0.4328	0.5017	0.0019	
nsga100k2x	I4	968035	120	0.0213	0.4793	0.5028	0.0018	
nsga100k2x	I4	971074	120	0.0293	0.4932	0.5052	0.0017	
nsga100k2x	I4	971878	120	0.0213	0.4607	0.5011	0.0019	
nsga100k2x	I4	967790	119	0.0133	0.4555	0.5003	0.0019	
nsga100k2x	I4	968992	120	0.0239	0.4744	0.5070	0.0015	
nsga100k2x	I4	967035	120	0.0213	0.4511	0.5058	0.0016	
nsga100k2x	I4	972170	120	0.0293	0.5511	0.5064	0.0026	
nsga100k2x	I4	963521	120	0.0160	0.4078	0.5016	0.0019	
nsga100k2x	I4	971740	120	0.0160	0.4207	0.5035	0.0018	
nsga100k2x	I4	968406	120	0.0106	0.4938	0.5033	0.0018	
nsga100k2x	I4	964947	120	0.0266	0.4055	0.4995	0.0017	
nsga100k2x	I4	968874	120	0.0186	0.4820	0.5038	0.0018	
nsga100k2x	I4	976385	120	0.0186	0.4874	0.5065	0.0017	
nsga100k2x	I4	972837	120	0.0213	0.5483	0.5016	0.0018	
nsga100k2x	I4	970476	120	0.0319	0.4824	0.5041	0.0019	
nsga100k2x	I4	976888	120	0.0133	0.4643	0.5008	0.0019	
nsga100k2x	I4	982356	120	0.0133	0.4188	0.5041	0.0016	
nsga100k2x	I4	986657	120	0.0372	0.4990	0.5047	0.0018	
nsga100k2x	I4	983723	120	0.0239	0.4988	0.5059	0.0016	
nsga100k2x	I4	982154	120	0.0452	0.5146	0.5071	0.0017	
nsga100k2x	I4	981058	120	0.0213	0.4668	0.5028	0.0018	
nsga100k2x	I4	980376	120	0.0106	0.3926	0.5040	0.0016	
nsga100k2x	I4	982932	120	0.0372	0.4680	0.5056	0.0014	
nsga100k2x	I4	979633	120	0.0266	0.4346	0.5037	0.0017	
nsga100k2x	I4	987207	120	0.0319	0.4782	0.5058	0.0016	
nsga100k2x	I4	983076	120	0.0160	0.4396	0.5015	0.0019	
nsga100k2x	I4	982462	119	0.0319	0.4253	0.5043	0.0017	
nsga100k2x	I4	979791	120	0.0213	0.4583	0.5048	0.0014	
nsga100k2x	I4	981948	119	0.0133	0.4554	0.5041	0.0018	
nsga100k2x	I4	982806	120	0.0000	0.4376	0.4982	0.0023	
nsga100k2x	I4	983503	120	0.0133	0.4404	0.4993	0.0023	
nsga100k2x	I4	981628	120	0.0160	0.4476	0.5017	0.0019	
nsga100k2x	I4	981358	120	0.0133	0.4604	0.5028	0.0021	
nsga100k2x	I4	980132	120	0.0160	0.4598	0.5031	0.0017	
nsga100k2x	I4	981002	119	0.0213	0.4758	0.5053	0.0015	
nsga100k2x	I4	985489	120	0.0239	0.4586	0.5013	0.0022	
nsga100k2x	I4	980056	120	0.0293	0.4731	0.5067	0.0017	
nsga100k2x	I4	980824	120	0.0106	0.4553	0.5022	0.0016	
nsga100k2x	I4	984563	120	0.0106	0.4798	0.4992	0.0021	
nsga100k2x	I4	981184	120	0.0213	0.4676	0.5044	0.0016	
nsga100k2x	I4	981675	120	0.0106	0.4330	0.5026	0.0017	
nsga100k2x	I4	983990	120	0.0213	0.4732	0.5048	0.0019	
nsga100k2x	I4	981877	120	0.0133	0.4619	0.5025	0.0021	
nsga100k2x	I4	982335	120	0.0266	0.4956	0.5066	0.0015	
nsga100k2x	I5	424723	88	0.0113	0.4432	0.4992	0.0023	
nsga100k2x	I5	425293	88	0.0225	0.4229	0.5014	0.0020	
nsga100k2x	I5	424390	88	0.0113	0.4052	0.5009	0.0019	
nsga100k2x	I5	423009	88	0.0197	0.4485	0.5003	0.0028	
nsga100k2x	I5	423716	88	0.0254	0.4320	0.5011	0.0023	
nsga100k2x	I5	423987	88	0.0197	0.4362	0.5005	0.0023	
nsga100k2x	I5	425746	88	0.0225	0.4809	0.5008	0.0019	
nsga100k2x	I5	426037	88	0.0113	0.4768	0.4999	0.0040	
nsga100k2x	I5	426697	88	0.0310	0.5278	0.5012	0.0024	
nsga100k2x	I5	426695	88	0.0254	0.4347	0.5008	0.0023	
nsga100k2x	I5	422227	88	0.0225	0.4147	0.5001	0.0019	
nsga100k2x	I5	422883	88	0.0394	0.3803	0.5051	0.0018	
nsga100k2x	I5	424635	88	0.0310	0.5404	0.5020	0.0026	
nsga100k2x	I5	423814	88	0.0113	0.5167	0.4982	0.0031	
nsga100k2x	I5	424434	88	0.0197	0.4623	0.4978	0.0020	
nsga100k2x	I5	424134	88	0.0169	0.4348	0.5005	0.0021	
nsga100k2x	I5	424760	88	0.0197	0.4048	0.4977	0.0024	
nsga100k2x	I5	425371	88	0.0225	0.4135	0.4999	0.0023	
nsga100k2x	I5	424046	88	0.0197	0.4472	0.5030	0.0020	
nsga100k2x	I5	426817	88	0.0169	0.5023	0.4978	0.0022	
nsga100k2x	I5	425068	88	0.0113	0.4353	0.4981	0.0026	
nsga100k2x	I5	422221	88	0.0310	0.3644	0.5022	0.0017	
nsga100k2x	I5	425762	88	0.0197	0.4593	0.5031	0.0021	
nsga100k2x	I5	423058	88	0.0225	0.4706	0.5015	0.0021	
nsga100k2x	I5	424070	88	0.0113	0.3333	0.4971	0.0023	
nsga100k2x	I5	425892	88	0.0056	0.4581	0.4999	0.0022	
nsga100k2x	I5	425980	88	0.0085	0.3644	0.4968	0.0027	
nsga100k2x	I5	425232	88	0.0197	0.4434	0.4983	0.0022	
nsga100k2x	I5	425297	88	0.0338	0.3871	0.5024	0.0019	
nsga100k2x	I5	424840	88	0.0169	0.4386	0.4982	0.0023	
nsga100k2x	I5	426100	88	0.0028	0.4358	0.4962	0.0026	
nsga100k2x	I5	426487	88	0.0225	0.4647	0.4985	0.0024	
nsga100k2x	I5	422725	88	0.0282	0.4558	0.4972	0.0028	
nsga100k2x	I5	423234	87	0.0085	0.4272	0.4996	0.0025	
nsga100k2x	I5	426526	88	0.0085	0.4190	0.4981	0.0025	
nsga100k2x	I5	422925	88	0.0085	0.3885	0.4981	0.0023	
nsga100k2x	I5	425078	88	0.0197	0.4427	0.5007	0.0018	
nsga100k2x	I5	425605	88	0.0338	0.4198	0.5030	0.0018	
nsga100k2x	I5	425443	88	0.0085	0.4626	0.5012	0.0021	
nsga100k2x	I5	424324	88	0.0169	0.3969	0.5014	0.0019	
nsga100k2x	I5	424392	88	0.0254	0.4289	0.5015	0.0020	
nsga100k2x	I5	424894	88	0.0085	0.3781	0.4963	0.0024	
nsga100k2x	I5	425421	88	0.0225	0.4095	0.5028	0.0019	
nsga100k2x	I5	427414	88	0.0085	0.4225	0.4948	0.0022	
nsga100k2x	I5	426313	88	0.0507	0.4387	0.5016	0.0024	
nsga100k2x	I5	423626	88	0.0113	0.3678	0.4949	0.0028	
nsga100k2x	I5	426131	88	0.0225	0.5351	0.4996	0.0028	
nsga100k2x	I5	423669	88	0.0338	0.4391	0.5037	0.0018	
nsga100k2x	I5	426539	88	0.0338	0.3804	0.4981	0.0029	
nsga100k2x	I5	425490	88	0.0254	0.4274	0.4979	0.0023	
nsga150k2x	I0	650500	80	0.0097	0.3739	0.4592	0.0023	
nsga150k2x	I0	627004	80	0.0219	0.4095	0.4578	0.0036	
nsga150k2x	I0	617980	80	0.0389	0.4555	0.4607	0.0042	
nsga150k2x	I0	619652	80	0.0243	0.4464	0.4597	0.0021	
nsga150k2x	I0	617435	80	0.0170	0.5060	0.4581	0.0034	
nsga150k2x	I0	619548	80	0.0243	0.5506	0.4623	0.0039	
nsga150k2x	I0	618409	80	0.0122	0.4034	0.4562	0.0030	
nsga150k2x	I0	619757	80	0.0243	0.4442	0.4626	0.0024	
nsga150k2x	I0	617767	80	0.0097	0.5013	0.4561	0.0052	
nsga150k2x	I0	617032	80	0.0146	0.4076	0.4575	0.0032	
nsga150k2x	I0	620988	80	0.0243	0.4296	0.4616	0.0023	
nsga150k2x	I0	616400	80	0.0122	0.4266	0.4546	0.0036	
nsga150k2x	I0	618142	80	0.0170	0.4335	0.4578	0.0033	
nsga150k2x	I0	617840	80	0.0049	0.5249	0.4539	0.0067	
nsga150k2x	I0	618230	80	0.0414	0.3988	0.4615	0.0027	
nsga150k2x	I0	618219	80	0.0292	0.3931	0.4616	0.0023	
nsga150k2x	I0	619944	80	0.0316	0.4303	0.4615	0.0023	
nsga150k2x	I0	619075	80	0.0268	0.4586	0.4629	0.0024	
nsga150k2x	I0	618435	80	0.0024	0.4590	0.4563	0.0035	
nsga150k2x	I0	616867	80	0.0195	0.4362	0.4600	0.0036	
nsga150k2x	I0	617466	80	0.0097	0.4094	0.4578	0.0029	
nsga150k2x	I0	617155	79	0.0122	0.4591	0.4605	0.0026	
nsga150k2x	I0	619987	80	0.0170	0.4617	0.4575	0.0046	
nsga150k2x	I0	615274	80	0.0268	0.4128	0.4638	0.0023	
nsga150k2x	I0	618901	80	0.0170	0.4576	0.4588	0.0032	
nsga150k2x	I0	617951	80	0.0195	0.4627	0.4600	0.0046	
nsga150k2x	I0	616720	80	0.0389	0.4066	0.4644	0.0023	
nsga150k2x	I0	615871	80	0.0097	0.4403	0.4561	0.0039	
nsga150k2x	I0	618513	80	0.0146	0.4368	0.4599	0.0030	
nsga150k2x	I0	618325	80	0.0243	0.5142	0.4607	0.0030	
nsga150k2x	I0	618054	80	0.0243	0.4668	0.4603	0.0033	
nsga150k2x	I0	616703	80	0.0195	0.4694	0.4608	0.0037	
nsga150k2x	I0	616704	80	0.0243	0.4339	0.4617	0.0021	
nsga150k2x	I0	619656	80	0.0170	0.5623	0.4605	0.0056	
nsga150k2x	I0	617500	80	0.0389	0.4217	0.4635	0.0022	
nsga150k2x	I0	616618	80	0.0268	0.4614	0.4609	0.0025	
nsga150k2x	I0	616024	80	0.0122	0.4271	0.4555	0.0039	
nsga150k2x	I0	614552	80	0.0268	0.6034	0.4625	0.0047	
nsga150k2x	I0	615687	80	0.0073	0.5229	0.4563	0.0027	
nsga150k2x	I0	618402	79	0.0195	0.4567	0.4582	0.0028	
nsga150k2x	I0	619032	80	0.0268	0.5130	0.4599	0.0040	
nsga150k2x	I0	618968	80	0.0243	0.5456	0.4627	0.0052	
nsga150k2x	I0	620203	80	0.0170	0.4314	0.4615	0.0026	
nsga150k2x	I0	617268	80	0.0292	0.5089	0.4621	0.0025	
nsga150k2x	I0	618879	80	0.0219	0.4718	0.4596	0.0032	
nsga150k2x	I0	618109	80	0.0122	0.3930	0.4607	0.0028	
nsga150k2x	I0	616917	80	0.0219	0.4739	0.4585	0.0046	
nsga150k2x	I0	617454	80	0.0097	0.4203	0.4594	0.0025	
nsga150k2x	I0	617470	80	0.0170	0.5077	0.4582	0.0040	
nsga150k2x	I0	617651	80	0.0073	0.4355	0.4553	0.0030	
nsga150k2x	I1	3502684	168	0.0149	0.5650	0.5080	0.0017	
nsga150k2x	I1	3494039	168	0.0186	0.6767	0.4990	0.0025	
nsga150k2x	I1	3488137	163	0.0112	0.5869	0.5046	0.0022	
nsga150k2x	I1	3500689	148	0.0112	0.6489	0.5081	0.0020	
nsga150k2x	I1	3503619	146	0.0149	0.6626	0.4993	0.0024	
nsga150k2x	I1	3493227	160	0.0409	0.6242	0.5060	0.0019	
nsga150k2x	I1	3499735	138	0.0335	0.6863	0.5140	0.0020	
nsga150k2x	I1	3494030	167	0.0037	0.5437	0.5036	0.0022	
nsga150k2x	I1	3483744	161	0.0297	0.5961	0.5064	0.0022	
nsga150k2x	I1	3495313	155	0.0409	0.5966	0.5143	0.0018	
nsga150k2x	I1	3490112	167	0.0037	0.5313	0.5038	0.0021	
nsga150k2x	I1	3487779	165	0.0149	0.6186	0.5064	0.0020	
nsga150k2x	I1	3607917	163	0.0186	0.6065	0.5085	0.0019	
nsga150k2x	I1	3642741	148	0.0186	0.5711	0.5088	0.0019	
nsga150k2x	I1	3630220	138	0.0372	0.5832	0.5138	0.0018	
nsga150k2x	I1	3650715	163	0.0112	0.6770	0.5070	0.0021	
nsga150k2x	I1	3645041	168	0.0186	0.5844	0.5078	0.0020	
nsga150k2x	I1	3635288	168	0.0223	0.6389	0.5055	0.0019	
nsga150k2x	I1	3629860	146	0.0223	0.5686	0.5036	0.0025	
nsga150k2x	I1	3636461	163	0.0112	0.6526	0.5026	0.0024	
nsga150k2x	I1	3631097	156	0.0112	0.7038	0.5053	0.0026	
nsga150k2x	I1	2418287	155	0.0149	0.6427	0.5079	0.0020	
nsga150k2x	I1	2337163	144	0.0409	0.6201	0.5132	0.0017	
nsga150k2x	I1	2323514	163	0.0112	0.6342	0.5098	0.0019	
nsga150k2x	I1	2326231	138	0.0149	0.6148	0.5103	0.0021	
nsga150k2x	I1	2327111	161	0.0074	0.6409	0.5021	0.0021	
nsga150k2x	I1	2330065	164	0.0260	0.6887	0.5063	0.0021	
nsga150k2x	I1	2327272	162	0.0372	0.6250	0.5121	0.0018	
nsga150k2x	I1	2327125	149	0.0297	0.6055	0.5092	0.0019	
nsga150k2x	I1	2331447	168	0.0335	0.6520	0.5088	0.0019	
nsga150k2x	I1	2338247	167	0.0483	0.6897	0.5109	0.0019	
nsga150k2x	I1	2337911	160	0.0223	0.6654	0.5082	0.0021	
nsga150k2x	I1	2326365	166	0.0186	0.6093	0.5042	0.0022	
nsga150k2x	I1	2331943	162	0.0149	0.5729	0.5082	0.0021	
nsga150k2x	I1	2338457	159	0.0149	0.6589	0.5052	0.0022	
nsga150k2x	I1	2324590	156	0.0223	0.6236	0.5061	0.0021	
nsga150k2x	I1	2326938	164	0.0260	0.6215	0.5060	0.0020	
nsga150k2x	I1	2330610	153	0.0186	0.6756	0.5073	0.0021	
nsga150k2x	I1	2331092	168	0.0112	0.6109	0.5069	0.0020	
nsga150k2x	I1	2329479	162	0.0186	0.6280	0.5070	0.0019	
nsga150k2x	I1	2334181	168	0.0149	0.5845	0.5082	0.0019	
nsga150k2x	I1	2335409	156	0.0112	0.6337	0.5077	0.0020	
nsga150k2x	I1	2329881	159	0.0037	0.6391	0.5075	0.0018	
nsga150k2x	I1	2336441	165	0.0223	0.6123	0.5078	0.0020	
nsga150k2x	I1	2319312	164	0.0112	0.5987	0.5022	0.0021	
nsga150k2x	I1	2328629	165	0.0186	0.5720	0.5103	0.0019	
nsga150k2x	I1	2334593	168	0.0149	0.6306	0.5058	0.0020	
nsga150k2x	I1	2323551	155	0.0260	0.6438	0.5044	0.0023	
nsga150k2x	I1	2331567	167	0.0149	0.5984	0.5070	0.0020	
nsga150k2x	I1	2326047	164	0.0223	0.6178	0.5084	0.0019	
nsga150k2x	I2	4264363	109	0.0128	0.6293	0.4943	0.0040	
nsga150k2x	I2	4236152	91	0.0256	0.7218	0.4933	0.0051	
nsga150k2x	I2	4230046	102	0.0256	0.7205	0.4919	0.0055	
nsga150k2x	I2	4241271	103	0.0128	0.6791	0.4941	0.0044	
nsga150k2x	I2	4236035	101	0.0064	0.6921	0.4941	0.0045	
nsga150k2x	I2	4232312	98	0.0128	0.7322	0.4933	0.0053	
nsga150k2x	I2	4225361	98	0.0256	0.6643	0.4976	0.0041	
nsga150k2x	I2	4266111	104	0.0192	0.6327	0.4932	0.0046	
nsga150k2x	I2	4269992	94	0.0128	0.6274	0.4960	0.0041	
nsga150k2x	I2	4280458	101	0.0128	0.6553	0.4870	0.0054	
nsga150k2x	I2	4274155	110	0.0321	0.7134	0.4954	0.0046	
nsga150k2x	I2	4269280	103	0.0256	0.7038	0.4968	0.0041	
nsga150k2x	I2	4268393	106	0.0192	0.7031	0.4918	0.0053	
nsga150k2x	I2	4280495	99	0.0192	0.6654	0.4935	0.0048	
nsga150k2x	I2	4268552	98	0.0128	0.7280	0.4942	0.0062	
nsga150k2x	I2	4279969	94	0.0128	0.6400	0.4951	0.0040	
nsga150k2x	I2	4270763	103	0.0321	0.7689	0.5038	0.0041	
nsga150k2x	I2	4152353	112	0.0321	0.7285	0.4952	0.0047	
nsga150k2x	I2	4106196	109	0.0321	0.6912	0.4960	0.0040	
nsga150k2x	I2	4097724	104	0.0064	0.7197	0.4888	0.0059	
nsga150k2x	I2	4100455	118	0.0256	0.6714	0.4987	0.0040	
nsga150k2x	I2	4098748	103	0.0064	0.6917	0.4929	0.0046	
nsga150k2x	I2	4094702	96	0.0449	0.6795	0.4999	0.0054	
nsga150k2x	I2	4090469	108	0.0192	0.6300	0.4966	0.0040	
nsga150k2x	I2	4103495	114	0.0064	0.6342	0.4844	0.0047	
nsga150k2x	I2	2927440	90	0.0128	0.6575	0.4995	0.0041	
nsga150k2x	I2	2736683	96	0.0192	0.6988	0.4975	0.0044	
nsga150k2x	I2	2738136	107	0.0192	0.7263	0.4932	0.0044	
nsga150k2x	I2	2737110	97	0.0513	0.6315	0.5030	0.0050	
nsga150k2x	I2	2729898	91	0.0385	0.6059	0.5001	0.0048	
nsga150k2x	I2	2729560	99	0.0000	0.7028	0.4929	0.0046	
nsga150k2x	I2	2740118	98	0.0513	0.6582	0.4989	0.0040	
nsga150k2x	I2	2738721	88	0.0385	0.6336	0.4973	0.0045	
nsga150k2x	I2	2729330	98	0.0256	0.6502	0.4947	0.0043	
nsga150k2x	I2	2731596	106	0.0000	0.6230	0.4888	0.0045	
nsga150k2x	I2	2737142	117	0.0000	0.7437	0.4891	0.0056	
nsga150k2x	I2	2732169	94	0.0385	0.6439	0.5015	0.0041	
nsga150k2x	I2	2736503	99	0.0128	0.6437	0.4929	0.0048	
nsga150k2x	I2	2734607	103	0.0128	0.6638	0.4856	0.0047	
nsga150k2x	I2	2735679	114	0.0128	0.6664	0.4805	0.0048	
nsga150k2x	I2	2729600	100	0.0192	0.6281	0.4937	0.0048	
nsga150k2x	I2	2733612	99	0.0064	0.5985	0.4915	0.0045	
nsga150k2x	I2	2738090	101	0.0000	0.6616	0.4902	0.0044	
nsga150k2x	I2	2735528	93	0.0321	0.6737	0.4999	0.0040	
nsga150k2x	I2	2736008	103	0.0192	0.6392	0.4992	0.0043	
nsga150k2x	I2	2735115	104	0.0192	0.7090	0.4963	0.0050	
nsga150k2x	I2	2733676	100	0.0256	0.5600	0.4933	0.0039	
nsga150k2x	I2	2738758	108	0.0128	0.6637	0.4950	0.0040	
nsga150k2x	I2	2737396	96	0.0192	0.6037	0.4942	0.0042	
nsga150k2x	I2	2619386	115	0.0192	0.6945	0.4911	0.0043	
nsga150k2x	I3	2014760	143	0.0124	0.5862	0.4046	0.0039	
nsga150k2x	I3	2018386	144	0.0062	0.6495	0.4013	0.0060	
nsga150k2x	I3	2010212	144	0.0217	0.5469	0.4038	0.0038	
nsga150k2x	I3	2015989	144	0.0248	0.5992	0.4034	0.0033	
nsga150k2x	I3	2010396	143	0.0279	0.7791	0.4055	0.0098	
nsga150k2x	I3	2044504	144	0.0000	0.5743	0.3993	0.0038	
nsga150k2x	I3	2241054	143	0.0031	0.6273	0.4008	0.0043	
nsga150k2x	I3	2035317	144	0.0062	0.6416	0.3931	0.0068	
nsga150k2x	I3	2017359	144	0.0248	0.5798	0.4039	0.0029	
nsga150k2x	I3	2015170	144	0.0279	0.6185	0.4084	0.0038	
nsga150k2x	I3	2016078	144	0.0062	0.5740	0.3985	0.0038	
nsga150k2x	I3	2018419	143	0.0217	0.5952	0.4007	0.0040	
nsga150k2x	I3	2017808	144	0.0402	0.5690	0.4122	0.0034	
nsga150k2x	I3	2011509	143	0.0248	0.6102	0.4192	0.0040	
nsga150k2x	I3	2018828	144	0.0217	0.5879	0.3990	0.0030	
nsga150k2x	I3	2031589	144	0.0248	0.5761	0.4067	0.0028	
nsga150k2x	I3	2013152	144	0.0186	0.5615	0.3938	0.0034	
nsga150k2x	I3	2016663	144	0.0155	0.5457	0.4088	0.0034	
nsga150k2x	I3	2023156	144	0.0155	0.5648	0.4008	0.0032	
nsga150k2x	I3	2016395	144	0.0124	0.6596	0.3980	0.0039	
nsga150k2x	I3	2004007	144	0.0093	0.6171	0.3991	0.0050	
nsga150k2x	I3	2016888	143	0.0279	0.6406	0.4037	0.0039	
nsga150k2x	I3	2013643	142	0.0093	0.6800	0.4041	0.0041	
nsga150k2x	I3	2007301	143	0.0248	0.5832	0.3996	0.0031	
nsga150k2x	I3	2021555	144	0.0372	0.5990	0.4095	0.0028	
nsga150k2x	I3	2008372	144	0.0310	0.7113	0.4090	0.0047	
nsga150k2x	I3	2011756	144	0.0186	0.6061	0.4072	0.0033	
nsga150k2x	I3	2020781	144	0.0186	0.5405	0.4003	0.0037	
nsga150k2x	I3	2017291	144	0.0341	0.5863	0.4036	0.0031	
nsga150k2x	I3	2016076	143	0.0124	0.6336	0.4050	0.0036	
nsga150k2x	I3	2010740	141	0.0310	0.6557	0.4048	0.0049	
nsga150k2x	I3	2022031	144	0.0217	0.6322	0.4019	0.0038	
nsga150k2x	I3	2012069	144	0.0279	0.5577	0.4090	0.0034	
nsga150k2x	I3	2022940	144	0.0124	0.5994	0.4028	0.0035	
nsga150k2x	I3	2008411	144	0.0186	0.7712	0.3982	0.0105	
nsga150k2x	I3	2014211	144	0.0248	0.6125	0.4040	0.0030	
nsga150k2x	I3	2013904	144	0.0186	0.6247	0.4017	0.0035	
nsga150k2x	I3	2020527	144	0.0248	0.6640	0.4069	0.0040	
nsga150k2x	I3	2009721	144	0.0155	0.6250	0.4061	0.0039	
nsga150k2x	I3	2019080	139	0.0186	0.6680	0.4010	0.0056	
nsga150k2x	I3	2012435	143	0.0217	0.9136	0.3983	0.0168	
nsga150k2x	I3	2008998	144	0.0279	0.6126	0.3918	0.0043	
nsga150k2x	I3	2008158	143	0.0341	0.5777	0.4077	0.0033	
nsga150k2x	I3	2008013	144	0.0124	0.6317	0.4000	0.0055	
nsga150k2x	I3	2014722	140	0.0093	0.5883	0.4039	0.0045	
nsga150k2x	I3	2012434	143	0.0186	0.6044	0.4061	0.0041	
nsga150k2x	I3	2004527	144	0.0186	0.6820	0.4018	0.0045	
nsga150k2x	I3	2028284	144	0.0155	0.7092	0.4056	0.0050	
nsga150k2x	I3	2014365	144	0.0310	0.8539	0.4034	0.0119	
nsga150k2x	I3	2019922	142	0.0186	0.6699	0.4058	0.0040	
nsga150k2x	I4	1508801	120	0.0130	0.4194	0.4913	0.0021	
nsga150k2x	I4	1463516	120	0.0130	0.4286	0.4906	0.0021	
nsga150k2x	I4	1469780	120	0.0078	0.4090	0.4945	0.0019	
nsga150k2x	I4	1473404	120	0.0156	0.4239	0.4952	0.0022	
nsga150k2x	I4	1469388	120	0.0156	0.4451	0.4974	0.0015	
nsga150k2x	I4	1476975	120	0.0286	0.4621	0.4963	0.0020	
nsga150k2x	I4	1472150	120	0.0234	0.4305	0.4965	0.0018	
nsga150k2x	I4	1468868	120	0.0156	0.4603	0.4967	0.0015	
nsga150k2x	I4	1472463	119	0.0417	0.4522	0.4998	0.0012	
nsga150k2x	I4	1471123	120	0.0182	0.5140	0.4961	0.0020	
nsga150k2x	I4	1470999	120	0.0156	0.4737	0.4966	0.0018	
nsga150k2x	I4	1470527	120	0.0182	0.4081	0.4931	0.0021	
nsga150k2x	I4	1468649	120	0.0182	0.4401	0.4969	0.0021	
nsga150k2x	I4	1462285	120	0.0234	0.4772	0.4968	0.0029	
nsga150k2x	I4	1460935	120	0.0130	0.3839	0.4924	0.0019	
nsga150k2x	I4	1466871	120	0.0286	0.4492	0.4993	0.0013	
nsga150k2x	I4	1467100	120	0.0234	0.4301	0.4976	0.0018	
nsga150k2x	I4	1467532	120	0.0339	0.4491	0.4988	0.0015	
nsga150k2x	I4	1467100	120	0.0312	0.4336	0.4976	0.0016	
nsga150k2x	I4	1471981	119	0.0234	0.4828	0.4994	0.0014	
nsga150k2x	I4	1462394	120	0.0104	0.5018	0.4922	0.0022	
nsga150k2x	I4	1473991	120	0.0156	0.3889	0.4970	0.0017	
nsga150k2x	I4	1477259	120	0.0130	0.4464	0.4945	0.0018	
nsga150k2x	I4	1478887	120	0.0234	0.4115	0.4947	0.0021	
nsga150k2x	I4	1483110	120	0.0156	0.4731	0.4911	0.0025	
nsga150k2x	I4	1474499	120	0.0104	0.4666	0.4959	0.0015	
nsga150k2x	I4	1474998	120	0.0052	0.4199	0.4953	0.0018	
nsga150k2x	I4	1484994	120	0.0286	0.4061	0.4958	0.0018	
nsga150k2x	I4	1480082	120	0.0156	0.4922	0.4968	0.0016	
nsga150k2x	I4	1475143	120	0.0339	0.5029	0.4977	0.0024	
nsga150k2x	I4	1475338	120	0.0469	0.4759	0.5010	0.0015	
nsga150k2x	I4	1480617	120	0.0208	0.4414	0.4978	0.0016	
nsga150k2x	I4	1477904	120	0.0208	0.4316	0.4955	0.0016	
nsga150k2x	I4	1475320	120	0.0208	0.3814	0.4972	0.0014	
nsga150k2x	I4	1479292	120	0.0208	0.5212	0.4984	0.0018	
nsga150k2x	I4	1477563	120	0.0104	0.4760	0.4961	0.0016	
nsga150k2x	I4	1477157	120	0.0312	0.4812	0.4979	0.0016	
nsga150k2x	I4	1478769	120	0.0260	0.4245	0.4987	0.0014	
nsga150k2x	I4	1479859	120	0.0234	0.4482	0.4920	0.0023	
nsga150k2x	I4	1475048	120	0.0052	0.4155	0.4932	0.0019	
nsga150k2x	I4	1474881	120	0.0104	0.4305	0.4965	0.0017	
nsga150k2x	I4	1470646	120	0.0156	0.4196	0.4951	0.0015	
nsga150k2x	I4	1475046	120	0.0078	0.4570	0.4941	0.0018	
nsga150k2x	I4	1480827	120	0.0052	0.4210	0.4905	0.0024	
nsga150k2x	I4	1479441	120	0.0104	0.4510	0.4908	0.0022	
nsga150k2x	I4	1475976	120	0.0156	0.4661	0.4938	0.0021	
nsga150k2x	I4	1474970	120	0.0312	0.3945	0.4962	0.0015	
nsga150k2x	I4	1476110	120	0.0104	0.3785	0.4970	0.0018	
nsga150k2x	I4	1483442	120	0.0208	0.4878	0.4946	0.0021	
nsga150k2x	I4	1478870	120	0.0521	0.3952	0.5000	0.0013	
nsga150k2x	I5	642038	88	0.0274	0.4091	0.5183	0.0013	
nsga150k2x	I5	641152	88	0.0603	0.4487	0.5204	0.0012	
nsga150k2x	I5	634670	88	0.0274	0.3795	0.5110	0.0021	
nsga150k2x	I5	640476	88	0.0247	0.4778	0.5165	0.0016	
nsga150k2x	I5	640865	88	0.0192	0.4460	0.5151	0.0019	
nsga150k2x	I5	643274	88	0.0219	0.4706	0.5125	0.0020	
nsga150k2x	I5	643356	88	0.0164	0.5036	0.5132	0.0020	
nsga150k2x	I5	639130	88	0.0164	0.3765	0.5127	0.0022	
nsga150k2x	I5	640709	88	0.0274	0.4169	0.5165	0.0017	
nsga150k2x	I5	640390	88	0.0027	0.4147	0.5121	0.0019	
nsga150k2x	I5	641725	88	0.0110	0.4258	0.5120	0.0022	
nsga150k2x	I5	643994	88	0.0164	0.4862	0.5127	0.0021	
nsga150k2x	I5	640935	88	0.0384	0.4633	0.5175	0.0014	
nsga150k2x	I5	637982	88	0.0247	0.3785	0.5167	0.0016	
nsga150k2x	I5	638697	88	0.0247	0.4247	0.5169	0.0017	
nsga150k2x	I5	642299	88	0.0082	0.4890	0.5141	0.0018	
nsga150k2x	I5	642282	88	0.0082	0.3995	0.5113	0.0020	
nsga150k2x	I5	641564	88	0.0027	0.3736	0.5115	0.0025	
nsga150k2x	I5	642764	88	0.0164	0.4169	0.5125	0.0024	
nsga150k2x	I5	639238	88	0.0438	0.4358	0.5195	0.0013	
nsga150k2x	I5	640791	88	0.0192	0.4261	0.5100	0.0024	
nsga150k2x	I5	639386	88	0.0247	0.3882	0.5165	0.0017	
nsga150k2x	I5	642409	88	0.0356	0.4319	0.5165	0.0019	
nsga150k2x	I5	641760	88	0.0027	0.4168	0.5088	0.0025	
nsga150k2x	I5	640183	88	0.0301	0.4073	0.5166	0.0018	
nsga150k2x	I5	641697	88	0.0164	0.4659	0.5168	0.0017	
nsga150k2x	I5	641645	88	0.0055	0.4459	0.5097	0.0025	
nsga150k2x	I5	644863	88	0.0247	0.4659	0.5117	0.0021	
nsga150k2x	I5	640292	88	0.0219	0.4523	0.5139	0.0018	
nsga150k2x	I5	643828	88	0.0137	0.4756	0.5117	0.0021	
nsga150k2x	I5	642335	88	0.0110	0.4223	0.5086	0.0025	
nsga150k2x	I5	643236	88	0.0274	0.4370	0.5157	0.0021	
nsga150k2x	I5	640271	88	0.0219	0.4088	0.5151	0.0018	
nsga150k2x	I5	640604	88	0.0301	0.4326	0.5155	0.0021	
nsga150k2x	I5	641299	88	0.0164	0.4383	0.5153	0.0017	
nsga150k2x	I5	641409	88	0.0192	0.4011	0.5148	0.0020	
nsga150k2x	I5	642508	88	0.0110	0.4492	0.5144	0.0019	
nsga150k2x	I5	641973	88	0.0301	0.4156	0.5150	0.0021	
nsga150k2x	I5	640629	88	0.0164	0.4241	0.5141	0.0020	
nsga150k2x	I5	643533	88	0.0274	0.4198	0.5150	0.0019	
nsga150k2x	I5	642294	88	0.0055	0.3942	0.5081	0.0027	
nsga150k2x	I5	643080	88	0.0274	0.4925	0.5122	0.0030	
nsga150k2x	I5	643544	88	0.0082	0.3946	0.5101	0.0026	
nsga150k2x	I5	640878	88	0.0027	0.3953	0.5138	0.0019	
nsga150k2x	I5	642140	88	0.0164	0.4253	0.5156	0.0018	
nsga150k2x	I5	642634	88	0.0164	0.4691	0.5137	0.0021	
nsga150k2x	I5	643734	88	0.0219	0.4388	0.5130	0.0024	
nsga150k2x	I5	642114	88	0.0110	0.4574	0.5149	0.0017	
nsga150k2x	I5	637368	88	0.0219	0.3752	0.5134	0.0022	
nsga150k2x	I5	639653	88	0.0247	0.3990	0.5155	0.0019	