config	inst	time	count	rfsz	best	spr	hv	gd	
nsga150k2x	I0	650500	80	1282	0.0008	0.6032	0.3064	0.0162	
nsga150k2x	I0	627004	80	1282	0.0039	0.6106	0.3058	0.0169	
nsga150k2x	I0	617980	80	1282	0.0047	0.6265	0.3089	0.0148	
nsga150k2x	I0	619652	80	1282	0.0016	0.5572	0.3076	0.0092	
nsga150k2x	I0	617435	80	1282	0.0039	0.7082	0.3065	0.0178	
nsga150k2x	I0	619548	80	1282	0.0000	0.7050	0.3100	0.0158	
nsga150k2x	I0	618409	80	1282	0.0008	0.5787	0.3041	0.0170	
nsga150k2x	I0	619757	80	1282	0.0016	0.6272	0.3104	0.0150	
nsga150k2x	I0	617767	80	1282	0.0023	0.6397	0.3045	0.0153	
nsga150k2x	I0	617032	80	1282	0.0016	0.6304	0.3055	0.0204	
nsga150k2x	I0	620988	80	1282	0.0039	0.5466	0.3094	0.0083	
nsga150k2x	I0	616400	80	1282	0.0023	0.5789	0.3033	0.0159	
nsga150k2x	I0	618142	80	1282	0.0031	0.6286	0.3057	0.0203	
nsga150k2x	I0	617840	80	1282	0.0008	0.6929	0.3026	0.0260	
nsga150k2x	I0	618230	80	1282	0.0086	0.5864	0.3095	0.0163	
nsga150k2x	I0	618219	80	1282	0.0078	0.5023	0.3092	0.0108	
nsga150k2x	I0	619944	80	1282	0.0031	0.5777	0.3095	0.0110	
nsga150k2x	I0	619075	80	1282	0.0031	0.6073	0.3113	0.0125	
nsga150k2x	I0	618435	80	1282	0.0008	0.6405	0.3051	0.0176	
nsga150k2x	I0	616867	80	1282	0.0031	0.5915	0.3079	0.0177	
nsga150k2x	I0	617466	80	1282	0.0016	0.6330	0.3055	0.0169	
nsga150k2x	I0	617155	79	1282	0.0023	0.6187	0.3081	0.0139	
nsga150k2x	I0	619987	80	1282	0.0023	0.6040	0.3050	0.0127	
nsga150k2x	I0	615274	80	1282	0.0031	0.5969	0.3106	0.0158	
nsga150k2x	I0	618901	80	1282	0.0008	0.5526	0.3068	0.0122	
nsga150k2x	I0	617951	80	1282	0.0031	0.6598	0.3077	0.0194	
nsga150k2x	I0	616720	80	1282	0.0039	0.6216	0.3125	0.0166	
nsga150k2x	I0	615871	80	1282	0.0016	0.6415	0.3041	0.0221	
nsga150k2x	I0	618513	80	1282	0.0016	0.6244	0.3078	0.0171	
nsga150k2x	I0	618325	80	1282	0.0016	0.6849	0.3093	0.0180	
nsga150k2x	I0	618054	80	1282	0.0039	0.6523	0.3085	0.0155	
nsga150k2x	I0	616703	80	1282	0.0031	0.6793	0.3095	0.0151	
nsga150k2x	I0	616704	80	1282	0.0023	0.5695	0.3084	0.0124	
nsga150k2x	I0	619656	80	1282	0.0023	0.6771	0.3083	0.0139	
nsga150k2x	I0	617500	80	1282	0.0016	0.5893	0.3109	0.0115	
nsga150k2x	I0	616618	80	1282	0.0062	0.6824	0.3090	0.0168	
nsga150k2x	I0	616024	80	1282	0.0016	0.5970	0.3030	0.0188	
nsga150k2x	I0	614552	80	1282	0.0039	0.7813	0.3100	0.0242	
nsga150k2x	I0	615687	80	1282	0.0000	0.6815	0.3051	0.0128	
nsga150k2x	I0	618402	79	1282	0.0023	0.6026	0.3053	0.0122	
nsga150k2x	I0	619032	80	1282	0.0031	0.6561	0.3082	0.0166	
nsga150k2x	I0	618968	80	1282	0.0023	0.6973	0.3100	0.0155	
nsga150k2x	I0	620203	80	1282	0.0031	0.6625	0.3095	0.0155	
nsga150k2x	I0	617268	80	1282	0.0031	0.7085	0.3097	0.0151	
nsga150k2x	I0	618879	80	1282	0.0023	0.6649	0.3082	0.0184	
nsga150k2x	I0	618109	80	1282	0.0016	0.5948	0.3080	0.0170	
nsga150k2x	I0	616917	80	1282	0.0023	0.6553	0.3065	0.0212	
nsga150k2x	I0	617454	80	1282	0.0008	0.6107	0.3073	0.0141	
nsga150k2x	I0	617470	80	1282	0.0055	0.6848	0.3065	0.0167	
nsga150k2x	I0	617651	80	1282	0.0008	0.6192	0.3034	0.0153	
nsga150k2xse	I0	767048	80	1282	0.0211	0.4480	0.3329	0.0003	
nsga150k2xse	I0	762839	80	1282	0.0140	0.4481	0.3330	0.0003	
nsga150k2xse	I0	762637	80	1282	0.0156	0.4179	0.3332	0.0003	
nsga150k2xse	I0	610530	80	1282	0.0133	0.4094	0.3333	0.0003	
nsga150k2xse	I0	573728	80	1282	0.0148	0.4244	0.3335	0.0003	
nsga150k2xse	I0	563752	80	1282	0.0195	0.4072	0.3329	0.0003	
nsga150k2xse	I0	564852	80	1282	0.0172	0.4265	0.3342	0.0003	
nsga150k2xse	I0	563975	80	1282	0.0117	0.4757	0.3317	0.0003	
nsga150k2xse	I0	564027	80	1282	0.0164	0.5285	0.3325	0.0003	
nsga150k2xse	I0	563492	80	1282	0.0179	0.4347	0.3332	0.0004	
nsga150k2xse	I0	564136	80	1282	0.0125	0.4268	0.3333	0.0003	
nsga150k2xse	I0	565690	80	1282	0.0187	0.5264	0.3338	0.0003	
nsga150k2xse	I0	562210	80	1282	0.0203	0.4809	0.3335	0.0003	
nsga150k2xse	I0	562411	80	1282	0.0242	0.4344	0.3342	0.0003	
nsga150k2xse	I0	563073	80	1282	0.0117	0.4679	0.3324	0.0004	
nsga150k2xse	I0	563196	80	1282	0.0148	0.4563	0.3328	0.0003	
nsga150k2xse	I0	562643	80	1282	0.0140	0.4637	0.3328	0.0003	
nsga150k2xse	I0	561518	80	1282	0.0234	0.4780	0.3315	0.0003	
nsga150k2xse	I0	563671	80	1282	0.0172	0.5130	0.3335	0.0003	
nsga150k2xse	I0	563212	80	1282	0.0140	0.4724	0.3307	0.0003	
nsga150k2xse	I0	565012	80	1282	0.0133	0.5682	0.3318	0.0003	
nsga150k2xse	I0	563091	80	1282	0.0140	0.5140	0.3324	0.0003	
nsga150k2xse	I0	563940	80	1282	0.0218	0.4537	0.3327	0.0003	
nsga150k2xse	I0	560666	80	1282	0.0164	0.4338	0.3318	0.0003	
nsga150k2xse	I0	560040	80	1282	0.0195	0.3982	0.3339	0.0003	
nsga150k2xse	I0	564389	80	1282	0.0125	0.4431	0.3321	0.0004	
nsga150k2xse	I0	565469	80	1282	0.0273	0.5202	0.3343	0.0002	
nsga150k2xse	I0	560662	80	1282	0.0164	0.4799	0.3323	0.0003	
nsga150k2xse	I0	562850	80	1282	0.0234	0.4469	0.3340	0.0003	
nsga150k2xse	I0	564106	80	1282	0.0187	0.4914	0.3303	0.0003	
nsga150k2xse	I0	562379	80	1282	0.0211	0.4590	0.3328	0.0002	
nsga150k2xse	I0	562850	80	1282	0.0179	0.4587	0.3321	0.0003	
nsga150k2xse	I0	564418	80	1282	0.0172	0.4153	0.3344	0.0004	
nsga150k2xse	I0	563631	80	1282	0.0125	0.4829	0.3327	0.0003	
nsga150k2xse	I0	563920	80	1282	0.0125	0.3784	0.3336	0.0004	
nsga150k2xse	I0	563064	80	1282	0.0125	0.4640	0.3316	0.0003	
nsga150k2xse	I0	563815	80	1282	0.0211	0.4737	0.3313	0.0004	
nsga150k2xse	I0	562167	80	1282	0.0156	0.4378	0.3329	0.0004	
nsga150k2xse	I0	562729	80	1282	0.0187	0.4626	0.3331	0.0003	
nsga150k2xse	I0	563153	80	1282	0.0164	0.5224	0.3318	0.0003	
nsga150k2xse	I0	565562	80	1282	0.0203	0.4220	0.3329	0.0002	
nsga150k2xse	I0	561428	80	1282	0.0203	0.4418	0.3324	0.0003	
nsga150k2xse	I0	563191	80	1282	0.0156	0.4974	0.3324	0.0004	
nsga150k2xse	I0	562563	80	1282	0.0117	0.4407	0.3293	0.0003	
nsga150k2xse	I0	565359	80	1282	0.0179	0.4143	0.3342	0.0003	
nsga150k2xse	I0	565255	80	1282	0.0273	0.4588	0.3344	0.0003	
nsga150k2xse	I0	563258	80	1282	0.0117	0.4839	0.3318	0.0003	
nsga150k2xse	I0	562780	80	1282	0.0211	0.4673	0.3321	0.0002	
nsga150k2xse	I0	562378	80	1282	0.0211	0.4600	0.3334	0.0002	
nsga150k2xse	I0	562447	80	1282	0.0203	0.4354	0.3331	0.0003	
nsga150k2x	I1	3502684	168	3014	0.0000	0.7071	0.2730	0.0193	
nsga150k2x	I1	3494039	168	3014	0.0000	0.8188	0.2670	0.0223	
nsga150k2x	I1	3488137	163	3014	0.0000	0.7479	0.2707	0.0240	
nsga150k2x	I1	3500689	148	3014	0.0000	0.7696	0.2739	0.0169	
nsga150k2x	I1	3503619	146	3014	0.0000	0.8176	0.2672	0.0161	
nsga150k2x	I1	3493227	160	3014	0.0000	0.7345	0.2710	0.0158	
nsga150k2x	I1	3499735	138	3014	0.0000	0.8393	0.2801	0.0193	
nsga150k2x	I1	3494030	167	3014	0.0000	0.7102	0.2697	0.0208	
nsga150k2x	I1	3483744	161	3014	0.0000	0.7553	0.2709	0.0213	
nsga150k2x	I1	3495313	155	3014	0.0000	0.7598	0.2804	0.0246	
nsga150k2x	I1	3490112	167	3014	0.0000	0.6910	0.2682	0.0216	
nsga150k2x	I1	3487779	165	3014	0.0000	0.7622	0.2725	0.0234	
nsga150k2x	I1	3607917	163	3014	0.0000	0.7355	0.2738	0.0191	
nsga150k2x	I1	3642741	148	3014	0.0003	0.7154	0.2735	0.0192	
nsga150k2x	I1	3630220	138	3014	0.0000	0.7532	0.2803	0.0244	
nsga150k2x	I1	3650715	163	3014	0.0000	0.8299	0.2729	0.0217	
nsga150k2x	I1	3645041	168	3014	0.0000	0.7324	0.2743	0.0192	
nsga150k2x	I1	3635288	168	3014	0.0000	0.7671	0.2702	0.0174	
nsga150k2x	I1	3629860	146	3014	0.0000	0.7233	0.2712	0.0229	
nsga150k2x	I1	3636461	163	3014	0.0000	0.7886	0.2690	0.0212	
nsga150k2x	I1	3631097	156	3014	0.0000	0.8423	0.2701	0.0241	
nsga150k2x	I1	2418287	155	3014	0.0000	0.7924	0.2735	0.0164	
nsga150k2x	I1	2337163	144	3014	0.0000	0.7120	0.2778	0.0201	
nsga150k2x	I1	2323514	163	3014	0.0000	0.7640	0.2757	0.0218	
nsga150k2x	I1	2326231	138	3014	0.0000	0.7645	0.2774	0.0217	
nsga150k2x	I1	2327111	161	3014	0.0000	0.8035	0.2658	0.0188	
nsga150k2x	I1	2330065	164	3014	0.0000	0.8326	0.2714	0.0187	
nsga150k2x	I1	2327272	162	3014	0.0000	0.7590	0.2788	0.0215	
nsga150k2x	I1	2327125	149	3014	0.0000	0.7203	0.2735	0.0159	
nsga150k2x	I1	2331447	168	3014	0.0000	0.8076	0.2750	0.0198	
nsga150k2x	I1	2338247	167	3014	0.0000	0.7933	0.2754	0.0142	
nsga150k2x	I1	2337911	160	3014	0.0000	0.7993	0.2746	0.0174	
nsga150k2x	I1	2326365	166	3014	0.0000	0.7624	0.2684	0.0229	
nsga150k2x	I1	2331943	162	3014	0.0000	0.7234	0.2752	0.0230	
nsga150k2x	I1	2338457	159	3014	0.0000	0.7935	0.2731	0.0199	
nsga150k2x	I1	2324590	156	3014	0.0000	0.7781	0.2714	0.0216	
nsga150k2x	I1	2326938	164	3014	0.0000	0.7813	0.2717	0.0225	
nsga150k2x	I1	2330610	153	3014	0.0000	0.7795	0.2738	0.0183	
nsga150k2x	I1	2331092	168	3014	0.0000	0.7568	0.2732	0.0220	
nsga150k2x	I1	2329479	162	3014	0.0000	0.7694	0.2730	0.0189	
nsga150k2x	I1	2334181	168	3014	0.0000	0.7179	0.2732	0.0175	
nsga150k2x	I1	2335409	156	3014	0.0000	0.7719	0.2739	0.0229	
nsga150k2x	I1	2329881	159	3014	0.0000	0.7940	0.2727	0.0181	
nsga150k2x	I1	2336441	165	3014	0.0000	0.7436	0.2734	0.0197	
nsga150k2x	I1	2319312	164	3014	0.0000	0.7643	0.2671	0.0271	
nsga150k2x	I1	2328629	165	3014	0.0000	0.7156	0.2762	0.0198	
nsga150k2x	I1	2334593	168	3014	0.0000	0.8073	0.2715	0.0196	
nsga150k2x	I1	2323551	155	3014	0.0000	0.7949	0.2704	0.0223	
nsga150k2x	I1	2331567	167	3014	0.0000	0.7168	0.2740	0.0177	
nsga150k2x	I1	2326047	164	3014	0.0000	0.7886	0.2733	0.0233	
nsga150k2xse	I1	3297228	168	3014	0.0209	0.4738	0.3510	0.0001	
nsga150k2xse	I1	3333272	168	3014	0.0212	0.4618	0.3558	0.0001	
nsga150k2xse	I1	3294484	168	3014	0.0236	0.4795	0.3537	0.0001	
nsga150k2xse	I1	3294748	168	3014	0.0212	0.4544	0.3530	0.0001	
nsga150k2xse	I1	3298853	168	3014	0.0246	0.4542	0.3531	0.0001	
nsga150k2xse	I1	3293668	168	3014	0.0222	0.4664	0.3503	0.0001	
nsga150k2xse	I1	3297486	168	3014	0.0226	0.5076	0.3544	0.0001	
nsga150k2xse	I1	3292117	168	3014	0.0163	0.4735	0.3517	0.0001	
nsga150k2xse	I1	3301212	168	3014	0.0226	0.4790	0.3526	0.0001	
nsga150k2xse	I1	3298292	168	3014	0.0173	0.4380	0.3517	0.0001	
nsga150k2xse	I1	3298161	168	3014	0.0202	0.4331	0.3513	0.0001	
nsga150k2xse	I1	3295621	168	3014	0.0169	0.4266	0.3536	0.0001	
nsga150k2xse	I1	3298426	168	3014	0.0192	0.4474	0.3552	0.0001	
nsga150k2xse	I1	3347422	168	3014	0.0219	0.4168	0.3539	0.0001	
nsga150k2xse	I1	3352476	168	3014	0.0173	0.4934	0.3515	0.0001	
nsga150k2xse	I1	3343244	168	3014	0.0196	0.4574	0.3537	0.0001	
nsga150k2xse	I1	3350346	168	3014	0.0239	0.4794	0.3528	0.0001	
nsga150k2xse	I1	3341188	168	3014	0.0189	0.4421	0.3522	0.0001	
nsga150k2xse	I1	3354705	168	3014	0.0232	0.5106	0.3537	0.0001	
nsga150k2xse	I1	3342622	168	3014	0.0229	0.4748	0.3542	0.0002	
nsga150k2xse	I1	3352802	168	3014	0.0206	0.4671	0.3547	0.0001	
nsga150k2xse	I1	3346139	168	3014	0.0199	0.4514	0.3543	0.0001	
nsga150k2xse	I1	2625869	168	3014	0.0156	0.4851	0.3534	0.0001	
nsga150k2xse	I1	2230659	168	3014	0.0166	0.4505	0.3502	0.0001	
nsga150k2xse	I1	2215040	168	3014	0.0179	0.4525	0.3549	0.0001	
nsga150k2xse	I1	2204788	168	3014	0.0196	0.4791	0.3530	0.0002	
nsga150k2xse	I1	2217816	168	3014	0.0232	0.4807	0.3543	0.0001	
nsga150k2xse	I1	2214611	168	3014	0.0156	0.4748	0.3518	0.0001	
nsga150k2xse	I1	2211926	168	3014	0.0192	0.4897	0.3539	0.0001	
nsga150k2xse	I1	2213177	168	3014	0.0209	0.4308	0.3531	0.0001	
nsga150k2xse	I1	2214978	168	3014	0.0226	0.4593	0.3541	0.0001	
nsga150k2xse	I1	2217322	168	3014	0.0199	0.4741	0.3513	0.0001	
nsga150k2xse	I1	2219585	168	3014	0.0229	0.5122	0.3517	0.0001	
nsga150k2xse	I1	2215304	168	3014	0.0176	0.4778	0.3535	0.0001	
nsga150k2xse	I1	2217555	168	3014	0.0192	0.4499	0.3530	0.0001	
nsga150k2xse	I1	2210195	168	3014	0.0189	0.4529	0.3539	0.0002	
nsga150k2xse	I1	2204541	168	3014	0.0219	0.4352	0.3494	0.0001	
nsga150k2xse	I1	2212093	168	3014	0.0189	0.4651	0.3531	0.0001	
nsga150k2xse	I1	2216681	168	3014	0.0192	0.4946	0.3513	0.0001	
nsga150k2xse	I1	2213253	168	3014	0.0189	0.4746	0.3537	0.0001	
nsga150k2xse	I1	2218589	168	3014	0.0163	0.4599	0.3539	0.0001	
nsga150k2xse	I1	2206834	168	3014	0.0219	0.4419	0.3517	0.0001	
nsga150k2xse	I1	2211823	168	3014	0.0202	0.4704	0.3540	0.0001	
nsga150k2xse	I1	2208338	168	3014	0.0209	0.5172	0.3512	0.0001	
nsga150k2xse	I1	2215661	168	3014	0.0179	0.5085	0.3521	0.0001	
nsga150k2xse	I1	2206749	168	3014	0.0179	0.4585	0.3509	0.0001	
nsga150k2xse	I1	2208409	168	3014	0.0176	0.4503	0.3523	0.0001	
nsga150k2xse	I1	2209295	168	3014	0.0196	0.5027	0.3511	0.0001	
nsga150k2xse	I1	2217956	168	3014	0.0212	0.4561	0.3536	0.0001	
nsga150k2xse	I1	2206587	168	3014	0.0206	0.4567	0.3531	0.0001	
nsga150k2x	I2	4264363	109	2933	0.0000	0.7795	0.2329	0.0287	
nsga150k2x	I2	4236152	91	2933	0.0000	0.8604	0.2321	0.0276	
nsga150k2x	I2	4230046	102	2933	0.0000	0.8467	0.2288	0.0293	
nsga150k2x	I2	4241271	103	2933	0.0000	0.7706	0.2331	0.0267	
nsga150k2x	I2	4236035	101	2933	0.0000	0.8261	0.2302	0.0262	
nsga150k2x	I2	4232312	98	2933	0.0000	0.8519	0.2323	0.0319	
nsga150k2x	I2	4225361	98	2933	0.0000	0.7574	0.2352	0.0274	
nsga150k2x	I2	4266111	104	2933	0.0000	0.7326	0.2308	0.0257	
nsga150k2x	I2	4269992	94	2933	0.0000	0.7164	0.2341	0.0285	
nsga150k2x	I2	4280458	101	2933	0.0000	0.7691	0.2239	0.0253	
nsga150k2x	I2	4274155	110	2933	0.0000	0.8367	0.2329	0.0280	
nsga150k2x	I2	4269280	103	2933	0.0000	0.8453	0.2343	0.0261	
nsga150k2x	I2	4268393	106	2933	0.0000	0.8379	0.2310	0.0339	
nsga150k2x	I2	4280495	99	2933	0.0000	0.7722	0.2295	0.0252	
nsga150k2x	I2	4268552	98	2933	0.0000	0.8115	0.2310	0.0310	
nsga150k2x	I2	4279969	94	2933	0.0000	0.7883	0.2320	0.0255	
nsga150k2x	I2	4270763	103	2933	0.0000	0.8861	0.2403	0.0284	
nsga150k2x	I2	4152353	112	2933	0.0000	0.8186	0.2326	0.0256	
nsga150k2x	I2	4106196	109	2933	0.0000	0.8012	0.2322	0.0254	
nsga150k2x	I2	4097724	104	2933	0.0000	0.8366	0.2254	0.0276	
nsga150k2x	I2	4100455	118	2933	0.0000	0.7829	0.2332	0.0245	
nsga150k2x	I2	4098748	103	2933	0.0000	0.7983	0.2315	0.0251	
nsga150k2x	I2	4094702	96	2933	0.0000	0.7724	0.2376	0.0317	
nsga150k2x	I2	4090469	108	2933	0.0000	0.7795	0.2357	0.0293	
nsga150k2x	I2	4103495	114	2933	0.0000	0.7603	0.2223	0.0261	
nsga150k2x	I2	2927440	90	2933	0.0000	0.7740	0.2366	0.0294	
nsga150k2x	I2	2736683	96	2933	0.0000	0.8273	0.2360	0.0311	
nsga150k2x	I2	2738136	107	2933	0.0000	0.8471	0.2305	0.0272	
nsga150k2x	I2	2737110	97	2933	0.0000	0.7472	0.2438	0.0320	
nsga150k2x	I2	2729898	91	2933	0.0000	0.7111	0.2394	0.0317	
nsga150k2x	I2	2729560	99	2933	0.0000	0.7966	0.2299	0.0255	
nsga150k2x	I2	2740118	98	2933	0.0000	0.7705	0.2351	0.0271	
nsga150k2x	I2	2738721	88	2933	0.0000	0.7390	0.2335	0.0259	
nsga150k2x	I2	2729330	98	2933	0.0000	0.7665	0.2305	0.0258	
nsga150k2x	I2	2731596	106	2933	0.0000	0.7465	0.2273	0.0258	
nsga150k2x	I2	2737142	117	2933	0.0000	0.8404	0.2261	0.0240	
nsga150k2x	I2	2732169	94	2933	0.0000	0.7487	0.2393	0.0294	
nsga150k2x	I2	2736503	99	2933	0.0000	0.7341	0.2308	0.0273	
nsga150k2x	I2	2734607	103	2933	0.0000	0.7537	0.2239	0.0276	
nsga150k2x	I2	2735679	114	2933	0.0000	0.8129	0.2183	0.0277	
nsga150k2x	I2	2729600	100	2933	0.0000	0.7622	0.2328	0.0320	
nsga150k2x	I2	2733612	99	2933	0.0000	0.7439	0.2291	0.0329	
nsga150k2x	I2	2738090	101	2933	0.0000	0.7952	0.2281	0.0296	
nsga150k2x	I2	2735528	93	2933	0.0000	0.8439	0.2361	0.0310	
nsga150k2x	I2	2736008	103	2933	0.0000	0.7650	0.2377	0.0317	
nsga150k2x	I2	2735115	104	2933	0.0000	0.8263	0.2353	0.0312	
nsga150k2x	I2	2733676	100	2933	0.0000	0.6673	0.2298	0.0282	
nsga150k2x	I2	2738758	108	2933	0.0000	0.7975	0.2325	0.0254	
nsga150k2x	I2	2737396	96	2933	0.0003	0.7735	0.2320	0.0298	
nsga150k2x	I2	2619386	115	2933	0.0000	0.8063	0.2291	0.0265	
nsga150k2xse	I2	4666057	216	2933	0.0157	0.4789	0.3612	0.0001	
nsga150k2xse	I2	4097763	216	2933	0.0188	0.4690	0.3633	0.0001	
nsga150k2xse	I2	4073291	216	2933	0.0167	0.4877	0.3582	0.0001	
nsga150k2xse	I2	4096884	216	2933	0.0191	0.4815	0.3619	0.0001	
nsga150k2xse	I2	4107585	216	2933	0.0181	0.4783	0.3645	0.0001	
nsga150k2xse	I2	4088647	216	2933	0.0245	0.4448	0.3645	0.0001	
nsga150k2xse	I2	4074776	216	2933	0.0188	0.4758	0.3625	0.0001	
nsga150k2xse	I2	4031326	216	2933	0.0191	0.4515	0.3632	0.0001	
nsga150k2xse	I2	4059775	216	2933	0.0177	0.4761	0.3616	0.0001	
nsga150k2xse	I2	4043621	216	2933	0.0194	0.4595	0.3646	0.0001	
nsga150k2xse	I2	4038572	216	2933	0.0174	0.4560	0.3627	0.0001	
nsga150k2xse	I2	4046983	216	2933	0.0194	0.4807	0.3615	0.0001	
nsga150k2xse	I2	4049235	216	2933	0.0181	0.4922	0.3632	0.0001	
nsga150k2xse	I2	4045231	216	2933	0.0263	0.4746	0.3623	0.0001	
nsga150k2xse	I2	4055799	216	2933	0.0191	0.4553	0.3620	0.0001	
nsga150k2xse	I2	4047609	216	2933	0.0194	0.5101	0.3615	0.0001	
nsga150k2xse	I2	4041175	216	2933	0.0249	0.4726	0.3627	0.0001	
nsga150k2xse	I2	3999731	216	2933	0.0201	0.4644	0.3621	0.0001	
nsga150k2xse	I2	3951681	216	2933	0.0188	0.4597	0.3629	0.0001	
nsga150k2xse	I2	3940528	216	2933	0.0194	0.4801	0.3595	0.0001	
nsga150k2xse	I2	3958213	216	2933	0.0191	0.4854	0.3639	0.0001	
nsga150k2xse	I2	3959052	216	2933	0.0201	0.4723	0.3633	0.0001	
nsga150k2xse	I2	3951689	216	2933	0.0228	0.4913	0.3630	0.0001	
nsga150k2xse	I2	3944213	216	2933	0.0235	0.4302	0.3638	0.0001	
nsga150k2xse	I2	3965153	216	2933	0.0208	0.4788	0.3636	0.0001	
nsga150k2xse	I2	3160084	216	2933	0.0201	0.5254	0.3642	0.0001	
nsga150k2xse	I2	2561011	216	2933	0.0157	0.4636	0.3638	0.0001	
nsga150k2xse	I2	2585103	216	2933	0.0184	0.4704	0.3592	0.0001	
nsga150k2xse	I2	2580504	216	2933	0.0194	0.4980	0.3650	0.0001	
nsga150k2xse	I2	2578041	216	2933	0.0218	0.4825	0.3631	0.0001	
nsga150k2xse	I2	2578497	216	2933	0.0188	0.4667	0.3607	0.0001	
nsga150k2xse	I2	2576202	216	2933	0.0211	0.4816	0.3619	0.0002	
nsga150k2xse	I2	2589101	216	2933	0.0211	0.4585	0.3644	0.0001	
nsga150k2xse	I2	2589306	216	2933	0.0205	0.4816	0.3652	0.0001	
nsga150k2xse	I2	2574877	216	2933	0.0205	0.4541	0.3604	0.0001	
nsga150k2xse	I2	2592049	216	2933	0.0205	0.4561	0.3653	0.0001	
nsga150k2xse	I2	2587082	216	2933	0.0194	0.4546	0.3657	0.0001	
nsga150k2xse	I2	2584276	216	2933	0.0222	0.5005	0.3611	0.0001	
nsga150k2xse	I2	2584383	216	2933	0.0208	0.4767	0.3663	0.0001	
nsga150k2xse	I2	2576248	216	2933	0.0191	0.4565	0.3627	0.0001	
nsga150k2xse	I2	2582437	216	2933	0.0218	0.4773	0.3610	0.0001	
nsga150k2xse	I2	2583369	216	2933	0.0201	0.4681	0.3621	0.0001	
nsga150k2xse	I2	2587026	216	2933	0.0194	0.4937	0.3655	0.0001	
nsga150k2xse	I2	2582768	216	2933	0.0191	0.4826	0.3657	0.0001	
nsga150k2xse	I2	2589926	216	2933	0.0188	0.4528	0.3636	0.0001	
nsga150k2xse	I2	2579002	216	2933	0.0194	0.4592	0.3601	0.0001	
nsga150k2xse	I2	2587240	216	2933	0.0222	0.4784	0.3637	0.0001	
nsga150k2xse	I2	2593956	216	2933	0.0222	0.4844	0.3637	0.0001	
nsga150k2xse	I2	2584948	216	2933	0.0198	0.4767	0.3626	0.0001	
nsga150k2xse	I2	2195208	216	2933	0.0205	0.4576	0.3614	0.0001	
nsga150k2x	I3	2014760	143	3529	0.0000	0.6102	0.3451	0.0083	
nsga150k2x	I3	2018386	144	3529	0.0000	0.6752	0.3419	0.0094	
nsga150k2x	I3	2010212	144	3529	0.0000	0.5785	0.3443	0.0085	
nsga150k2x	I3	2015989	144	3529	0.0000	0.6341	0.3442	0.0080	
nsga150k2x	I3	2010396	143	3529	0.0000	0.7953	0.3464	0.0129	
nsga150k2x	I3	2044504	144	3529	0.0000	0.6088	0.3399	0.0087	
nsga150k2x	I3	2241054	143	3529	0.0000	0.6557	0.3411	0.0090	
nsga150k2x	I3	2035317	144	3529	0.0000	0.6627	0.3349	0.0103	
nsga150k2x	I3	2017359	144	3529	0.0000	0.6164	0.3443	0.0075	
nsga150k2x	I3	2015170	144	3529	0.0000	0.6420	0.3490	0.0079	
nsga150k2x	I3	2016078	144	3529	0.0000	0.6158	0.3397	0.0081	
nsga150k2x	I3	2018419	143	3529	0.0000	0.6217	0.3417	0.0092	
nsga150k2x	I3	2017808	144	3529	0.0000	0.6023	0.3519	0.0079	
nsga150k2x	I3	2011509	143	3529	0.0003	0.6367	0.3580	0.0091	
nsga150k2x	I3	2018828	144	3529	0.0000	0.6285	0.3404	0.0072	
nsga150k2x	I3	2031589	144	3529	0.0003	0.6100	0.3470	0.0072	
nsga150k2x	I3	2013152	144	3529	0.0000	0.6021	0.3355	0.0084	
nsga150k2x	I3	2016663	144	3529	0.0000	0.5789	0.3487	0.0080	
nsga150k2x	I3	2023156	144	3529	0.0000	0.6084	0.3413	0.0076	
nsga150k2x	I3	2016395	144	3529	0.0000	0.6874	0.3393	0.0083	
nsga150k2x	I3	2004007	144	3529	0.0000	0.6457	0.3401	0.0101	
nsga150k2x	I3	2016888	143	3529	0.0000	0.6688	0.3447	0.0083	
nsga150k2x	I3	2013643	142	3529	0.0000	0.7033	0.3446	0.0079	
nsga150k2x	I3	2007301	143	3529	0.0000	0.6149	0.3407	0.0079	
nsga150k2x	I3	2021555	144	3529	0.0000	0.6349	0.3495	0.0070	
nsga150k2x	I3	2008372	144	3529	0.0000	0.7322	0.3490	0.0095	
nsga150k2x	I3	2011756	144	3529	0.0000	0.6369	0.3477	0.0082	
nsga150k2x	I3	2020781	144	3529	0.0000	0.5719	0.3415	0.0082	
nsga150k2x	I3	2017291	144	3529	0.0000	0.6197	0.3447	0.0071	
nsga150k2x	I3	2016076	143	3529	0.0000	0.6692	0.3449	0.0082	
nsga150k2x	I3	2010740	141	3529	0.0000	0.6786	0.3451	0.0092	
nsga150k2x	I3	2022031	144	3529	0.0000	0.6544	0.3427	0.0080	
nsga150k2x	I3	2012069	144	3529	0.0003	0.5907	0.3488	0.0085	
nsga150k2x	I3	2022940	144	3529	0.0000	0.6366	0.3430	0.0084	
nsga150k2x	I3	2008411	144	3529	0.0000	0.7941	0.3395	0.0130	
nsga150k2x	I3	2014211	144	3529	0.0000	0.6478	0.3445	0.0074	
nsga150k2x	I3	2013904	144	3529	0.0000	0.6493	0.3425	0.0080	
nsga150k2x	I3	2020527	144	3529	0.0000	0.6907	0.3470	0.0082	
nsga150k2x	I3	2009721	144	3529	0.0000	0.6545	0.3461	0.0084	
nsga150k2x	I3	2019080	139	3529	0.0000	0.6959	0.3419	0.0096	
nsga150k2x	I3	2012435	143	3529	0.0000	0.9249	0.3394	0.0192	
nsga150k2x	I3	2008998	144	3529	0.0000	0.6454	0.3339	0.0085	
nsga150k2x	I3	2008158	143	3529	0.0003	0.6086	0.3477	0.0082	
nsga150k2x	I3	2008013	144	3529	0.0000	0.6587	0.3409	0.0107	
nsga150k2x	I3	2014722	140	3529	0.0000	0.6168	0.3445	0.0087	
nsga150k2x	I3	2012434	143	3529	0.0000	0.6275	0.3467	0.0086	
nsga150k2x	I3	2004527	144	3529	0.0000	0.7070	0.3428	0.0086	
nsga150k2x	I3	2028284	144	3529	0.0000	0.7308	0.3462	0.0085	
nsga150k2x	I3	2014365	144	3529	0.0000	0.8692	0.3441	0.0141	
nsga150k2x	I3	2019922	142	3529	0.0000	0.7001	0.3462	0.0087	
nsga150k2xse	I3	2008040	144	3529	0.0230	0.5721	0.3981	0.0002	
nsga150k2xse	I3	1998054	144	3529	0.0164	0.4993	0.3980	0.0001	
nsga150k2xse	I3	2000962	144	3529	0.0218	0.5276	0.3991	0.0001	
nsga150k2xse	I3	2008502	144	3529	0.0179	0.5038	0.3995	0.0001	
nsga150k2xse	I3	2007069	144	3529	0.0187	0.5657	0.3982	0.0001	
nsga150k2xse	I3	2007749	144	3529	0.0187	0.5404	0.4016	0.0001	
nsga150k2xse	I3	2008519	144	3529	0.0213	0.5067	0.4005	0.0001	
nsga150k2xse	I3	2003287	144	3529	0.0145	0.5316	0.3964	0.0001	
nsga150k2xse	I3	1999980	144	3529	0.0232	0.5326	0.4017	0.0001	
nsga150k2xse	I3	2004080	144	3529	0.0213	0.5014	0.4001	0.0001	
nsga150k2xse	I3	2011383	144	3529	0.0198	0.5248	0.4007	0.0001	
nsga150k2xse	I3	1999966	144	3529	0.0201	0.5219	0.3974	0.0001	
nsga150k2xse	I3	2005796	144	3529	0.0196	0.5073	0.4027	0.0002	
nsga150k2xse	I3	2004228	144	3529	0.0179	0.5210	0.4008	0.0001	
nsga150k2xse	I3	2005104	144	3529	0.0196	0.5776	0.3996	0.0001	
nsga150k2xse	I3	2004343	144	3529	0.0196	0.5293	0.3987	0.0001	
nsga150k2xse	I3	2000880	144	3529	0.0198	0.5485	0.3991	0.0001	
nsga150k2xse	I3	2014841	144	3529	0.0213	0.5173	0.4017	0.0001	
nsga150k2xse	I3	2001923	144	3529	0.0164	0.5453	0.4000	0.0001	
nsga150k2xse	I3	2043470	144	3529	0.0235	0.5319	0.3977	0.0001	
nsga150k2xse	I3	2016554	144	3529	0.0232	0.5546	0.3977	0.0001	
nsga150k2xse	I3	2004825	144	3529	0.0190	0.5284	0.3998	0.0001	
nsga150k2xse	I3	2006699	144	3529	0.0207	0.5493	0.3982	0.0001	
nsga150k2xse	I3	2007285	144	3529	0.0224	0.5392	0.3998	0.0001	
nsga150k2xse	I3	2009794	144	3529	0.0207	0.5312	0.3977	0.0001	
nsga150k2xse	I3	2005532	144	3529	0.0164	0.5608	0.3989	0.0001	
nsga150k2xse	I3	2001019	144	3529	0.0207	0.5349	0.3995	0.0001	
nsga150k2xse	I3	2006645	144	3529	0.0181	0.5472	0.3971	0.0001	
nsga150k2xse	I3	1999510	144	3529	0.0198	0.5497	0.3960	0.0002	
nsga150k2xse	I3	2013342	144	3529	0.0224	0.5539	0.3973	0.0001	
nsga150k2xse	I3	2008514	144	3529	0.0215	0.5678	0.3992	0.0001	
nsga150k2xse	I3	2006927	144	3529	0.0232	0.5621	0.3989	0.0001	
nsga150k2xse	I3	2000237	144	3529	0.0173	0.5358	0.4003	0.0001	
nsga150k2xse	I3	2023687	144	3529	0.0201	0.5370	0.4008	0.0001	
nsga150k2xse	I3	2001196	144	3529	0.0184	0.5395	0.3981	0.0001	
nsga150k2xse	I3	2001904	144	3529	0.0207	0.5380	0.3970	0.0001	
nsga150k2xse	I3	1998612	144	3529	0.0204	0.5291	0.4004	0.0002	
nsga150k2xse	I3	2003537	144	3529	0.0204	0.5615	0.3991	0.0001	
nsga150k2xse	I3	2004199	144	3529	0.0198	0.5196	0.4005	0.0001	
nsga150k2xse	I3	2004008	144	3529	0.0207	0.5366	0.3983	0.0001	
nsga150k2xse	I3	2000553	144	3529	0.0193	0.5539	0.3991	0.0001	
nsga150k2xse	I3	2005698	144	3529	0.0196	0.5297	0.3996	0.0001	
nsga150k2xse	I3	2008377	144	3529	0.0173	0.5236	0.4012	0.0001	
nsga150k2xse	I3	2003425	144	3529	0.0210	0.5378	0.3986	0.0001	
nsga150k2xse	I3	2009206	144	3529	0.0210	0.5869	0.3971	0.0001	
nsga150k2xse	I3	2002280	144	3529	0.0218	0.5242	0.4014	0.0001	
nsga150k2xse	I3	2008867	144	3529	0.0201	0.5208	0.4009	0.0001	
nsga150k2xse	I3	2001131	144	3529	0.0215	0.4931	0.3963	0.0001	
nsga150k2xse	I3	1996336	144	3529	0.0167	0.4909	0.3981	0.0001	
nsga150k2xse	I3	2005787	144	3529	0.0204	0.5035	0.3995	0.0001	
nsga150k2x	I4	1508801	120	1992	0.0000	0.6320	0.3031	0.0252	
nsga150k2x	I4	1463516	120	1992	0.0000	0.6493	0.3025	0.0240	
nsga150k2x	I4	1469780	120	1992	0.0005	0.6419	0.3069	0.0208	
nsga150k2x	I4	1473404	120	1992	0.0000	0.5908	0.3098	0.0174	
nsga150k2x	I4	1469388	120	1992	0.0000	0.6157	0.3095	0.0151	
nsga150k2x	I4	1476975	120	1992	0.0000	0.6668	0.3102	0.0171	
nsga150k2x	I4	1472150	120	1992	0.0000	0.6166	0.3095	0.0170	
nsga150k2x	I4	1468868	120	1992	0.0000	0.6465	0.3084	0.0205	
nsga150k2x	I4	1472463	119	1992	0.0000	0.6391	0.3109	0.0171	
nsga150k2x	I4	1471123	120	1992	0.0000	0.7229	0.3084	0.0214	
nsga150k2x	I4	1470999	120	1992	0.0000	0.6042	0.3092	0.0138	
nsga150k2x	I4	1470527	120	1992	0.0000	0.5702	0.3066	0.0187	
nsga150k2x	I4	1468649	120	1992	0.0000	0.6542	0.3080	0.0258	
nsga150k2x	I4	1462285	120	1992	0.0000	0.6764	0.3098	0.0326	
nsga150k2x	I4	1460935	120	1992	0.0000	0.6078	0.3044	0.0271	
nsga150k2x	I4	1466871	120	1992	0.0000	0.6728	0.3105	0.0178	
nsga150k2x	I4	1467100	120	1992	0.0000	0.6398	0.3100	0.0225	
nsga150k2x	I4	1467532	120	1992	0.0005	0.6471	0.3105	0.0185	
nsga150k2x	I4	1467100	120	1992	0.0000	0.6206	0.3099	0.0188	
nsga150k2x	I4	1471981	119	1992	0.0000	0.6963	0.3106	0.0181	
nsga150k2x	I4	1462394	120	1992	0.0000	0.6937	0.3029	0.0233	
nsga150k2x	I4	1473991	120	1992	0.0000	0.5962	0.3094	0.0221	
nsga150k2x	I4	1477259	120	1992	0.0000	0.6710	0.3067	0.0217	
nsga150k2x	I4	1478887	120	1992	0.0000	0.6398	0.3080	0.0233	
nsga150k2x	I4	1483110	120	1992	0.0000	0.6918	0.3058	0.0207	
nsga150k2x	I4	1474499	120	1992	0.0000	0.7109	0.3071	0.0215	
nsga150k2x	I4	1474998	120	1992	0.0000	0.6168	0.3076	0.0195	
nsga150k2x	I4	1484994	120	1992	0.0020	0.6010	0.3081	0.0169	
nsga150k2x	I4	1480082	120	1992	0.0000	0.6872	0.3095	0.0193	
nsga150k2x	I4	1475143	120	1992	0.0000	0.6940	0.3089	0.0252	
nsga150k2x	I4	1475338	120	1992	0.0000	0.6749	0.3124	0.0219	
nsga150k2x	I4	1480617	120	1992	0.0000	0.6753	0.3106	0.0172	
nsga150k2x	I4	1477904	120	1992	0.0000	0.6137	0.3079	0.0185	
nsga150k2x	I4	1475320	120	1992	0.0000	0.5927	0.3079	0.0213	
nsga150k2x	I4	1479292	120	1992	0.0000	0.7425	0.3108	0.0208	
nsga150k2x	I4	1477563	120	1992	0.0000	0.6622	0.3075	0.0166	
nsga150k2x	I4	1477157	120	1992	0.0000	0.6932	0.3107	0.0214	
nsga150k2x	I4	1478769	120	1992	0.0000	0.6611	0.3096	0.0204	
nsga150k2x	I4	1479859	120	1992	0.0000	0.6665	0.3056	0.0198	
nsga150k2x	I4	1475048	120	1992	0.0000	0.6618	0.3053	0.0235	
nsga150k2x	I4	1474881	120	1992	0.0000	0.6569	0.3085	0.0243	
nsga150k2x	I4	1470646	120	1992	0.0000	0.6416	0.3062	0.0246	
nsga150k2x	I4	1475046	120	1992	0.0000	0.6637	0.3054	0.0214	
nsga150k2x	I4	1480827	120	1992	0.0000	0.6502	0.3046	0.0191	
nsga150k2x	I4	1479441	120	1992	0.0000	0.5966	0.3044	0.0161	
nsga150k2x	I4	1475976	120	1992	0.0000	0.6749	0.3067	0.0238	
nsga150k2x	I4	1474970	120	1992	0.0000	0.5681	0.3075	0.0190	
nsga150k2x	I4	1476110	120	1992	0.0000	0.5825	0.3087	0.0201	
nsga150k2x	I4	1483442	120	1992	0.0000	0.6748	0.3086	0.0179	
nsga150k2x	I4	1478870	120	1992	0.0000	0.6050	0.3108	0.0159	
nsga150k2xse	I4	1911161	120	1992	0.0191	0.4852	0.3534	0.0002	
nsga150k2xse	I4	1592287	120	1992	0.0226	0.4822	0.3530	0.0002	
nsga150k2xse	I4	1435592	120	1992	0.0186	0.4589	0.3522	0.0002	
nsga150k2xse	I4	1434273	120	1992	0.0181	0.4884	0.3529	0.0002	
nsga150k2xse	I4	1430228	120	1992	0.0201	0.4759	0.3524	0.0002	
nsga150k2xse	I4	1432418	120	1992	0.0181	0.4423	0.3534	0.0002	
nsga150k2xse	I4	1429605	120	1992	0.0206	0.4480	0.3537	0.0002	
nsga150k2xse	I4	1429818	120	1992	0.0206	0.4574	0.3537	0.0002	
nsga150k2xse	I4	1428983	120	1992	0.0226	0.4340	0.3533	0.0002	
nsga150k2xse	I4	1428514	120	1992	0.0156	0.4846	0.3539	0.0002	
nsga150k2xse	I4	1434162	120	1992	0.0226	0.4602	0.3532	0.0002	
nsga150k2xse	I4	1428518	120	1992	0.0151	0.4925	0.3540	0.0002	
nsga150k2xse	I4	1423447	120	1992	0.0216	0.4499	0.3529	0.0002	
nsga150k2xse	I4	1432953	120	1992	0.0231	0.4099	0.3550	0.0002	
nsga150k2xse	I4	1433584	120	1992	0.0206	0.4750	0.3539	0.0002	
nsga150k2xse	I4	1432596	120	1992	0.0186	0.4733	0.3535	0.0002	
nsga150k2xse	I4	1432660	120	1992	0.0166	0.4566	0.3523	0.0002	
nsga150k2xse	I4	1430628	120	1992	0.0276	0.4502	0.3537	0.0002	
nsga150k2xse	I4	1431069	120	1992	0.0196	0.4546	0.3528	0.0002	
nsga150k2xse	I4	1427441	120	1992	0.0196	0.4490	0.3520	0.0002	
nsga150k2xse	I4	1420066	120	1992	0.0231	0.4304	0.3535	0.0002	
nsga150k2xse	I4	1427500	120	1992	0.0166	0.4623	0.3533	0.0002	
nsga150k2xse	I4	1412478	120	1992	0.0226	0.4440	0.3529	0.0002	
nsga150k2xse	I4	1435923	120	1992	0.0221	0.4537	0.3537	0.0002	
nsga150k2xse	I4	1427379	120	1992	0.0156	0.4610	0.3526	0.0002	
nsga150k2xse	I4	1421525	120	1992	0.0231	0.4555	0.3534	0.0002	
nsga150k2xse	I4	1421136	120	1992	0.0161	0.5063	0.3527	0.0002	
nsga150k2xse	I4	1420847	120	1992	0.0201	0.4470	0.3528	0.0002	
nsga150k2xse	I4	1418164	120	1992	0.0161	0.4510	0.3522	0.0002	
nsga150k2xse	I4	1419328	120	1992	0.0216	0.4728	0.3523	0.0002	
nsga150k2xse	I4	1419953	120	1992	0.0211	0.4351	0.3515	0.0002	
nsga150k2xse	I4	1421374	120	1992	0.0176	0.4620	0.3510	0.0002	
nsga150k2xse	I4	1419376	120	1992	0.0186	0.4580	0.3539	0.0002	
nsga150k2xse	I4	1421838	120	1992	0.0196	0.4328	0.3539	0.0002	
nsga150k2xse	I4	1423090	120	1992	0.0186	0.4956	0.3536	0.0002	
nsga150k2xse	I4	1422937	120	1992	0.0206	0.4532	0.3533	0.0002	
nsga150k2xse	I4	1421120	120	1992	0.0231	0.4201	0.3534	0.0002	
nsga150k2xse	I4	1421514	120	1992	0.0181	0.4812	0.3532	0.0002	
nsga150k2xse	I4	1419394	120	1992	0.0201	0.4618	0.3524	0.0002	
nsga150k2xse	I4	1424216	120	1992	0.0221	0.5068	0.3540	0.0002	
nsga150k2xse	I4	1416801	120	1992	0.0226	0.4496	0.3529	0.0002	
nsga150k2xse	I4	1416689	120	1992	0.0171	0.4390	0.3523	0.0003	
nsga150k2xse	I4	1417562	120	1992	0.0156	0.4781	0.3531	0.0002	
nsga150k2xse	I4	1422862	120	1992	0.0196	0.4487	0.3544	0.0002	
nsga150k2xse	I4	1418578	120	1992	0.0166	0.4172	0.3528	0.0002	
nsga150k2xse	I4	1424623	120	1992	0.0266	0.5153	0.3524	0.0002	
nsga150k2xse	I4	1417301	120	1992	0.0186	0.4216	0.3524	0.0002	
nsga150k2xse	I4	1424585	120	1992	0.0156	0.4475	0.3534	0.0002	
nsga150k2xse	I4	1420478	120	1992	0.0261	0.4554	0.3537	0.0002	
nsga150k2xse	I4	1413203	120	1992	0.0221	0.4934	0.3520	0.0003	
nsga150k2x	I5	642038	88	1258	0.0016	0.5895	0.3166	0.0242	
nsga150k2x	I5	641152	88	1258	0.0008	0.6414	0.3184	0.0218	
nsga150k2x	I5	634670	88	1258	0.0016	0.6605	0.3086	0.0363	
nsga150k2x	I5	640476	88	1258	0.0008	0.7140	0.3147	0.0228	
nsga150k2x	I5	640865	88	1258	0.0000	0.6600	0.3142	0.0251	
nsga150k2x	I5	643274	88	1258	0.0000	0.6020	0.3132	0.0176	
nsga150k2x	I5	643356	88	1258	0.0008	0.7555	0.3129	0.0228	
nsga150k2x	I5	639130	88	1258	0.0000	0.6474	0.3114	0.0307	
nsga150k2x	I5	640709	88	1258	0.0016	0.6437	0.3153	0.0263	
nsga150k2x	I5	640390	88	1258	0.0000	0.6488	0.3099	0.0247	
nsga150k2x	I5	641725	88	1258	0.0000	0.6089	0.3115	0.0218	
nsga150k2x	I5	643994	88	1258	0.0000	0.6563	0.3144	0.0167	
nsga150k2x	I5	640935	88	1258	0.0000	0.6010	0.3179	0.0156	
nsga150k2x	I5	637982	88	1258	0.0016	0.6284	0.3144	0.0328	
nsga150k2x	I5	638697	88	1258	0.0008	0.6371	0.3153	0.0241	
nsga150k2x	I5	642299	88	1258	0.0000	0.6838	0.3126	0.0190	
nsga150k2x	I5	642282	88	1258	0.0008	0.6176	0.3095	0.0246	
nsga150k2x	I5	641564	88	1258	0.0000	0.5768	0.3111	0.0263	
nsga150k2x	I5	642764	88	1258	0.0016	0.6264	0.3140	0.0228	
nsga150k2x	I5	639238	88	1258	0.0000	0.6768	0.3180	0.0241	
nsga150k2x	I5	640791	88	1258	0.0000	0.6437	0.3094	0.0295	
nsga150k2x	I5	639386	88	1258	0.0000	0.5967	0.3144	0.0227	
nsga150k2x	I5	642409	88	1258	0.0008	0.6264	0.3164	0.0206	
nsga150k2x	I5	641760	88	1258	0.0000	0.6082	0.3093	0.0217	
nsga150k2x	I5	640183	88	1258	0.0000	0.6631	0.3166	0.0251	
nsga150k2x	I5	641697	88	1258	0.0008	0.6897	0.3162	0.0232	
nsga150k2x	I5	641645	88	1258	0.0008	0.5825	0.3097	0.0198	
nsga150k2x	I5	644863	88	1258	0.0016	0.5911	0.3143	0.0153	
nsga150k2x	I5	640292	88	1258	0.0000	0.6419	0.3139	0.0199	
nsga150k2x	I5	643828	88	1258	0.0000	0.6037	0.3132	0.0160	
nsga150k2x	I5	642335	88	1258	0.0008	0.6085	0.3100	0.0217	
nsga150k2x	I5	643236	88	1258	0.0024	0.6043	0.3163	0.0243	
nsga150k2x	I5	640271	88	1258	0.0008	0.6313	0.3130	0.0262	
nsga150k2x	I5	640604	88	1258	0.0032	0.6327	0.3152	0.0226	
nsga150k2x	I5	641299	88	1258	0.0008	0.5973	0.3137	0.0172	
nsga150k2x	I5	641409	88	1258	0.0016	0.6172	0.3147	0.0243	
nsga150k2x	I5	642508	88	1258	0.0000	0.6615	0.3134	0.0231	
nsga150k2x	I5	641973	88	1258	0.0048	0.6321	0.3159	0.0243	
nsga150k2x	I5	640629	88	1258	0.0016	0.6000	0.3151	0.0219	
nsga150k2x	I5	643533	88	1258	0.0000	0.5800	0.3147	0.0214	
nsga150k2x	I5	642294	88	1258	0.0008	0.6618	0.3085	0.0308	
nsga150k2x	I5	643080	88	1258	0.0024	0.7131	0.3146	0.0253	
nsga150k2x	I5	643544	88	1258	0.0000	0.5999	0.3110	0.0264	
nsga150k2x	I5	640878	88	1258	0.0000	0.5923	0.3126	0.0233	
nsga150k2x	I5	642140	88	1258	0.0000	0.6442	0.3151	0.0247	
nsga150k2x	I5	642634	88	1258	0.0008	0.6268	0.3138	0.0200	
nsga150k2x	I5	643734	88	1258	0.0016	0.6731	0.3147	0.0261	
nsga150k2x	I5	642114	88	1258	0.0008	0.5652	0.3136	0.0155	
nsga150k2x	I5	637368	88	1258	0.0024	0.6158	0.3137	0.0319	
nsga150k2x	I5	639653	88	1258	0.0016	0.6364	0.3144	0.0269	
nsga150k2xse	I5	622283	88	1258	0.0191	0.4021	0.3493	0.0003	
nsga150k2xse	I5	621656	88	1258	0.0183	0.4293	0.3485	0.0003	
nsga150k2xse	I5	624285	88	1258	0.0135	0.4172	0.3481	0.0003	
nsga150k2xse	I5	623272	88	1258	0.0191	0.4124	0.3484	0.0003	
nsga150k2xse	I5	620610	88	1258	0.0151	0.4738	0.3476	0.0003	
nsga150k2xse	I5	623326	88	1258	0.0238	0.4610	0.3477	0.0004	
nsga150k2xse	I5	624460	88	1258	0.0183	0.4274	0.3487	0.0003	
nsga150k2xse	I5	621946	88	1258	0.0143	0.4312	0.3476	0.0003	
nsga150k2xse	I5	619551	88	1258	0.0183	0.4393	0.3484	0.0003	
nsga150k2xse	I5	623820	88	1258	0.0175	0.3834	0.3479	0.0003	
nsga150k2xse	I5	624507	88	1258	0.0159	0.4309	0.3477	0.0003	
nsga150k2xse	I5	621399	88	1258	0.0207	0.4137	0.3476	0.0003	
nsga150k2xse	I5	622991	88	1258	0.0191	0.4635	0.3490	0.0003	
nsga150k2xse	I5	625128	88	1258	0.0143	0.4870	0.3475	0.0003	
nsga150k2xse	I5	620356	88	1258	0.0167	0.4320	0.3477	0.0003	
nsga150k2xse	I5	622253	88	1258	0.0151	0.3741	0.3492	0.0003	
nsga150k2xse	I5	625553	88	1258	0.0199	0.4712	0.3487	0.0003	
nsga150k2xse	I5	620671	88	1258	0.0215	0.4444	0.3478	0.0003	
nsga150k2xse	I5	619816	88	1258	0.0199	0.3908	0.3489	0.0003	
nsga150k2xse	I5	623524	88	1258	0.0286	0.4718	0.3488	0.0002	
nsga150k2xse	I5	624023	88	1258	0.0191	0.4389	0.3493	0.0003	
nsga150k2xse	I5	622122	88	1258	0.0135	0.4297	0.3475	0.0003	
nsga150k2xse	I5	617851	88	1258	0.0159	0.4720	0.3477	0.0003	
nsga150k2xse	I5	623675	88	1258	0.0175	0.4497	0.3482	0.0003	
nsga150k2xse	I5	621792	88	1258	0.0175	0.3900	0.3473	0.0003	
nsga150k2xse	I5	624767	88	1258	0.0151	0.4908	0.3483	0.0003	
nsga150k2xse	I5	622372	88	1258	0.0183	0.4726	0.3478	0.0003	
nsga150k2xse	I5	621662	88	1258	0.0167	0.4637	0.3467	0.0004	
nsga150k2xse	I5	625372	88	1258	0.0151	0.4618	0.3478	0.0003	
nsga150k2xse	I5	623806	88	1258	0.0254	0.4581	0.3464	0.0003	
nsga150k2xse	I5	621898	88	1258	0.0223	0.4353	0.3484	0.0003	
nsga150k2xse	I5	621124	88	1258	0.0167	0.5020	0.3478	0.0004	
nsga150k2xse	I5	621803	88	1258	0.0151	0.4364	0.3487	0.0003	
nsga150k2xse	I5	623892	88	1258	0.0254	0.4383	0.3491	0.0003	
nsga150k2xse	I5	622933	88	1258	0.0238	0.4805	0.3479	0.0002	
nsga150k2xse	I5	622826	88	1258	0.0191	0.4348	0.3490	0.0004	
nsga150k2xse	I5	622619	88	1258	0.0175	0.4452	0.3493	0.0003	
nsga150k2xse	I5	623003	88	1258	0.0159	0.4646	0.3472	0.0003	
nsga150k2xse	I5	625093	88	1258	0.0215	0.4402	0.3490	0.0003	
nsga150k2xse	I5	621473	88	1258	0.0215	0.4537	0.3472	0.0003	
nsga150k2xse	I5	622996	88	1258	0.0207	0.4887	0.3484	0.0002	
nsga150k2xse	I5	624102	88	1258	0.0254	0.4364	0.3480	0.0003	
nsga150k2xse	I5	622667	88	1258	0.0175	0.4690	0.3480	0.0003	
nsga150k2xse	I5	623530	88	1258	0.0286	0.4794	0.3482	0.0003	
nsga150k2xse	I5	624983	88	1258	0.0231	0.4065	0.3488	0.0003	
nsga150k2xse	I5	621423	88	1258	0.0191	0.4221	0.3475	0.0003	
nsga150k2xse	I5	621788	88	1258	0.0151	0.4513	0.3480	0.0003	
nsga150k2xse	I5	621730	88	1258	0.0191	0.4366	0.3488	0.0003	
nsga150k2xse	I5	625835	88	1258	0.0278	0.4585	0.3502	0.0003	
nsga150k2xse	I5	622554	88	1258	0.0199	0.4635	0.3477	0.0003	